# L=2,N=2,U=1.0000,mu=1.0000,t=1.0000,eta=0.1765,beta=3.0000,tau_slice=1.5000,M=200000
# H_0/t              H_1/t                E/t                  N             
1.999999999999974   
1.9999999999999745  
1.9999999999999767  
1.9999999999999776  
1.9999999999999782  
1.9999999999999776  
1.9999999999999776  
1.9999999999999776  
1.9999999999999776  
1.9999999999999776  
1.9999999999999776  
1.9999999999999776  
1.9999999999999776  
1.9999999999999771  
1.9999999999999771  
1.9999999999999771  
1.999999999999977   
1.9999999999999765  
1.9999999999999771  
1.999999999999977   
1.9999999999999776  
1.9999999999999774  
1.9999999999999771  
1.9999999999999771  
1.999999999999977   
1.9999999999999771  
1.9999999999999771  
1.9999999999999774  
1.9999999999999782  
1.9999999999999785  
1.9999999999999785  
1.9999999999999785  
1.9999999999999785  
1.9999999999999785  
1.9999999999999785  
1.9999999999999782  
1.9999999999999782  
1.9999999999999782  
1.999999999999978   
1.9999999999999791  
1.9999999999999791  
1.9999999999999791  
1.9999999999999827  
1.9999999999999825  
1.9999999999999827  
1.9999999999999825  
1.9999999999999825  
1.9999999999999825  
1.9999999999999825  
1.9999999999999822  
1.999999999999982   
1.999999999999982   
1.9999999999999811  
1.9999999999999807  
1.999999999999978   
1.9999999999999707  
1.9999999999999707  
1.9999999999999711  
1.9999999999999711  
1.9999999999999711  
1.9999999999999716  
1.9999999999999716  
1.9999999999999716  
1.9999999999999718  
1.999999999999972   
1.9999999999999718  
1.9999999999999714  
1.99999999999998    
1.99999999999998    
1.9999999999999738  
1.9999999999999727  
1.9999999999999731  
1.9999999999999736  
1.9999999999999734  
1.9999999999999734  
1.9999999999999734  
1.9999999999999731  
1.999999999999973   
1.999999999999973   
1.9999999999999731  
1.9999999999999731  
1.999999999999973   
1.9999999999999747  
1.9999999999999747  
1.9999999999999747  
1.9999999999999747  
1.9999999999999738  
1.9999999999999738  
1.9999999999999747  
1.999999999999975   
1.999999999999975   
1.9999999999999754  
1.999999999999975   
1.9999999999999754  
1.9999999999999756  
1.999999999999979   
1.999999999999979   
1.9999999999999853  
1.9999999999999856  
1.9999999999999853  
1.9999999999999858  
1.999999999999986   
1.999999999999986   
1.9999999999999856  
1.9999999999999836  
1.9999999999999833  
1.999999999999983   
1.9999999999999833  
1.9999999999999807  
1.9999999999999807  
1.9999999999999807  
1.9999999999999807  
1.9999999999999813  
1.9999999999999813  
1.9999999999999822  
1.9999999999999827  
1.999999999999982   
1.999999999999982   
1.999999999999983   
1.999999999999983   
1.9999999999999827  
1.9999999999999827  
1.9999999999999827  
1.9999999999999827  
1.9999999999999827  
1.9999999999999827  
1.9999999999999822  
1.9999999999999822  
1.9999999999999822  
1.999999999999982   
1.999999999999982   
1.9999999999999822  
1.9999999999999825  
1.9999999999999825  
1.9999999999999825  
1.9999999999999825  
1.9999999999999787  
1.9999999999999785  
1.9999999999999767  
1.999999999999977   
1.9999999999999771  
1.999999999999977   
1.9999999999999785  
1.9999999999999782  
1.999999999999978   
1.9999999999999778  
1.9999999999999778  
1.9999999999999778  
1.9999999999999778  
1.9999999999999776  
1.9999999999999776  
1.9999999999999778  
1.999999999999978   
1.9999999999999782  
1.9999999999999774  
1.9999999999999776  
1.9999999999999774  
1.9999999999999774  
1.999999999999977   
1.9999999999999771  
1.9999999999999778  
1.9999999999999774  
1.9999999999999731  
1.9999999999999736  
1.9999999999999722  
1.9999999999999725  
1.9999999999999718  
1.9999999999999707  
1.999999999999971   
1.9999999999999707  
1.999999999999971   
1.999999999999971   
1.9999999999999714  
1.9999999999999711  
1.999999999999971   
1.999999999999971   
1.999999999999971   
1.999999999999971   
1.9999999999999707  
1.9999999999999705  
1.9999999999999705  
1.999999999999971   
1.9999999999999718  
1.999999999999972   
1.999999999999972   
1.9999999999999718  
1.9999999999999716  
1.9999999999999716  
1.999999999999971   
1.9999999999999714  
1.9999999999999716  
1.9999999999999718  
1.9999999999999718  
1.9999999999999714  
1.9999999999999714  
1.9999999999999714  
1.9999999999999714  
1.9999999999999714  
1.9999999999999711  
1.9999999999999711  
1.9999999999999711  
1.999999999999971   
1.9999999999999742  
1.9999999999999718  
1.9999999999999718  
1.9999999999999718  
1.9999999999999718  
1.9999999999999718  
1.9999999999999718  
1.9999999999999718  
1.9999999999999718  
1.9999999999999714  
1.9999999999999711  
1.9999999999999711  
1.999999999999971   
1.9999999999999711  
1.9999999999999702  
1.99999999999997    
1.99999999999997    
1.9999999999999702  
1.9999999999999707  
1.9999999999999705  
1.9999999999999705  
1.9999999999999705  
1.9999999999999705  
1.9999999999999705  
1.9999999999999705  
1.9999999999999702  
1.9999999999999702  
1.9999999999999707  
1.999999999999971   
1.9999999999999714  
1.9999999999999714  
1.9999999999999716  
1.9999999999999718  
1.999999999999972   
1.999999999999972   
1.9999999999999722  
1.9999999999999725  
1.9999999999999758  
1.9999999999999762  
1.9999999999999758  
1.999999999999976   
1.999999999999976   
1.9999999999999751  
1.9999999999999754  
1.9999999999999756  
1.9999999999999725  
1.9999999999999691  
1.999999999999969   
1.9999999999999691  
1.9999999999999691  
1.9999999999999691  
1.9999999999999687  
1.9999999999999685  
1.9999999999999671  
1.9999999999999671  
1.9999999999999667  
1.9999999999999665  
1.9999999999999665  
1.9999999999999665  
1.9999999999999667  
1.9999999999999643  
1.9999999999999638  
1.9999999999999638  
1.9999999999999636  
1.9999999999999636  
1.9999999999999634  
1.9999999999999634  
1.9999999999999631  
1.999999999999965   
1.9999999999999647  
1.999999999999961   
1.9999999999999607  
1.999999999999967   
1.9999999999999667  
1.9999999999999667  
1.999999999999967   
1.9999999999999718  
1.9999999999999718  
1.999999999999974   
1.999999999999974   
1.9999999999999745  
1.999999999999975   
1.999999999999975   
1.9999999999999745  
1.9999999999999745  
1.9999999999999745  
1.9999999999999747  
1.9999999999999747  
1.9999999999999742  
1.9999999999999731  
1.9999999999999734  
1.999999999999971   
1.999999999999971   
1.9999999999999711  
1.9999999999999714  
1.9999999999999718  
1.9999999999999718  
1.999999999999972   
1.999999999999972   
1.9999999999999722  
1.9999999999999722  
1.9999999999999725  
1.999999999999973   
1.9999999999999727  
1.999999999999973   
1.9999999999999731  
1.999999999999973   
1.999999999999973   
1.999999999999973   
1.9999999999999722  
1.9999999999999722  
1.9999999999999734  
1.9999999999999736  
1.9999999999999734  
1.999999999999972   
1.9999999999999705  
1.99999999999997    
1.9999999999999705  
1.999999999999974   
1.9999999999999742  
1.999999999999974   
1.999999999999973   
1.9999999999999727  
1.999999999999973   
1.999999999999973   
1.9999999999999716  
1.9999999999999705  
1.9999999999999705  
1.9999999999999687  
1.9999999999999682  
1.999999999999968   
1.999999999999968   
1.9999999999999678  
1.9999999999999678  
1.9999999999999678  
1.9999999999999658  
1.9999999999999634  
1.9999999999999634  
1.9999999999999634  
1.9999999999999631  
1.999999999999963   
1.9999999999999625  
1.9999999999999625  
1.9999999999999627  
1.9999999999999625  
1.9999999999999547  
1.9999999999999547  
1.9999999999999547  
1.9999999999999547  
1.999999999999955   
1.999999999999955   
1.999999999999955   
1.999999999999955   
1.9999999999999545  
1.9999999999999545  
1.9999999999999547  
1.9999999999999547  
1.9999999999999547  
1.9999999999999547  
1.9999999999999547  
1.9999999999999545  
1.999999999999955   
1.9999999999999547  
1.9999999999999547  
1.9999999999999547  
1.9999999999999556  
1.9999999999999556  
1.9999999999999556  
1.9999999999999556  
1.9999999999999556  
1.9999999999999554  
1.9999999999999551  
1.999999999999955   
1.999999999999955   
1.999999999999955   
1.999999999999955   
1.999999999999955   
1.999999999999955   
1.9999999999999551  
1.9999999999999551  
1.9999999999999554  
1.9999999999999554  
1.9999999999999554  
1.9999999999999556  
1.9999999999999554  
1.9999999999999558  
1.999999999999956   
1.999999999999956   
1.999999999999956   
1.9999999999999558  
1.999999999999956   
1.9999999999999556  
1.9999999999999554  
1.9999999999999558  
1.9999999999999563  
1.9999999999999547  
1.999999999999954   
1.9999999999999587  
1.999999999999959   
1.9999999999999638  
1.9999999999999656  
1.9999999999999625  
1.9999999999999625  
1.9999999999999625  
1.9999999999999625  
1.9999999999999625  
1.9999999999999625  
1.9999999999999627  
1.9999999999999611  
1.9999999999999616  
1.9999999999999605  
1.9999999999999607  
1.999999999999961   
1.9999999999999603  
1.9999999999999605  
1.9999999999999607  
1.9999999999999607  
1.9999999999999627  
1.9999999999999647  
1.9999999999999647  
1.9999999999999647  
1.9999999999999647  
1.9999999999999647  
1.9999999999999647  
1.9999999999999647  
1.9999999999999643  
1.9999999999999605  
1.9999999999999605  
1.9999999999999634  
1.9999999999999631  
1.9999999999999631  
1.999999999999963   
1.9999999999999627  
1.9999999999999631  
1.999999999999963   
1.999999999999963   
1.9999999999999634  
1.9999999999999634  
1.9999999999999634  
1.999999999999963   
1.999999999999963   
1.9999999999999627  
1.9999999999999625  
1.999999999999962   
1.9999999999999623  
1.9999999999999623  
1.999999999999962   
1.9999999999999614  
1.9999999999999627  
1.999999999999963   
1.9999999999999627  
1.9999999999999627  
1.9999999999999625  
1.9999999999999625  
1.9999999999999625  
1.9999999999999623  
1.9999999999999623  
1.999999999999963   
1.999999999999964   
1.9999999999999651  
1.9999999999999658  
1.999999999999966   
1.9999999999999656  
1.9999999999999656  
1.999999999999965   
1.999999999999965   
1.9999999999999656  
1.9999999999999656  
1.9999999999999651  
1.9999999999999651  
1.9999999999999651  
1.999999999999965   
1.9999999999999651  
1.9999999999999651  
1.9999999999999654  
1.9999999999999625  
1.9999999999999625  
1.9999999999999623  
1.9999999999999623  
1.999999999999966   
1.9999999999999611  
1.9999999999999611  
1.9999999999999571  
1.9999999999999574  
1.9999999999999571  
1.9999999999999576  
1.9999999999999585  
1.9999999999999585  
1.9999999999999585  
1.999999999999959   
1.999999999999959   
1.999999999999959   
1.9999999999999574  
1.9999999999999576  
1.9999999999999574  
1.9999999999999585  
1.99999999999996    
1.9999999999999598  
1.9999999999999598  
1.9999999999999598  
1.99999999999996    
1.99999999999996    
1.9999999999999598  
1.9999999999999596  
1.9999999999999611  
1.9999999999999627  
1.999999999999963   
1.9999999999999631  
1.9999999999999627  
1.9999999999999611  
1.9999999999999614  
1.9999999999999614  
1.9999999999999607  
1.9999999999999605  
1.9999999999999611  
1.999999999999961   
1.9999999999999662  
1.9999999999999662  
1.9999999999999667  
1.9999999999999627  
1.9999999999999631  
1.9999999999999631  
1.9999999999999634  
1.999999999999963   
1.9999999999999656  
1.9999999999999674  
1.9999999999999674  
1.9999999999999671  
1.9999999999999736  
1.9999999999999734  
1.9999999999999736  
1.9999999999999776  
1.9999999999999776  
1.9999999999999771  
1.9999999999999774  
1.9999999999999785  
1.9999999999999787  
1.9999999999999791  
1.9999999999999791  
1.9999999999999791  
1.999999999999974   
1.9999999999999738  
1.9999999999999751  
1.9999999999999678  
1.9999999999999676  
1.9999999999999676  
1.9999999999999678  
1.999999999999965   
1.9999999999999647  
1.9999999999999647  
1.9999999999999647  
1.999999999999965   
1.999999999999965   
1.999999999999965   
1.999999999999965   
1.999999999999965   
1.9999999999999647  
1.9999999999999647  
1.9999999999999647  
1.9999999999999647  
1.9999999999999647  
1.9999999999999647  
1.9999999999999647  
1.9999999999999647  
1.9999999999999645  
1.9999999999999647  
1.9999999999999645  
1.999999999999964   
1.999999999999963   
1.999999999999963   
1.9999999999999627  
1.9999999999999625  
1.9999999999999665  
1.9999999999999665  
1.9999999999999667  
1.999999999999966   
1.999999999999966   
1.9999999999999651  
1.9999999999999656  
1.9999999999999656  
1.9999999999999665  
1.999999999999967   
1.9999999999999678  
1.9999999999999676  
1.9999999999999671  
1.999999999999967   
1.999999999999967   
1.9999999999999671  
1.9999999999999667  
1.9999999999999665  
1.9999999999999665  
1.9999999999999662  
1.9999999999999665  
1.9999999999999658  
1.9999999999999658  
1.999999999999966   
1.999999999999966   
1.999999999999966   
1.9999999999999658  
1.9999999999999658  
1.9999999999999658  
1.9999999999999656  
1.9999999999999656  
1.9999999999999654  
1.9999999999999654  
1.9999999999999654  
1.9999999999999651  
1.9999999999999645  
1.999999999999965   
1.999999999999965   
1.999999999999965   
1.999999999999965   
1.9999999999999651  
1.9999999999999651  
1.9999999999999654  
1.9999999999999654  
1.9999999999999656  
1.9999999999999656  
1.9999999999999651  
1.999999999999965   
1.999999999999965   
1.999999999999965   
1.999999999999965   
1.999999999999965   
1.9999999999999647  
1.999999999999965   
1.9999999999999674  
1.9999999999999678  
1.9999999999999678  
1.9999999999999678  
1.9999999999999676  
1.9999999999999676  
1.999999999999968   
1.999999999999968   
1.9999999999999682  
1.9999999999999676  
1.9999999999999682  
1.9999999999999702  
1.99999999999997    
1.9999999999999705  
1.9999999999999656  
1.9999999999999656  
1.9999999999999654  
1.9999999999999658  
1.999999999999966   
1.999999999999966   
1.9999999999999658  
1.9999999999999658  
1.9999999999999656  
1.9999999999999654  
1.999999999999965   
1.999999999999965   
1.999999999999965   
1.9999999999999654  
1.9999999999999656  
1.999999999999966   
1.999999999999966   
1.999999999999966   
1.999999999999961   
1.999999999999961   
1.9999999999999611  
1.9999999999999625  
1.9999999999999627  
1.9999999999999625  
1.9999999999999625  
1.9999999999999625  
1.9999999999999605  
1.9999999999999654  
1.9999999999999631  
1.9999999999999656  
1.9999999999999656  
1.9999999999999651  
1.9999999999999651  
1.9999999999999647  
1.999999999999964   
1.9999999999999643  
1.9999999999999614  
1.9999999999999616  
1.9999999999999616  
1.9999999999999616  
1.9999999999999625  
1.9999999999999625  
1.9999999999999623  
1.9999999999999603  
1.9999999999999598  
1.9999999999999603  
1.9999999999999605  
1.999999999999961   
1.999999999999961   
1.9999999999999605  
1.9999999999999605  
1.9999999999999607  
1.9999999999999607  
1.9999999999999605  
1.9999999999999605  
1.999999999999961   
1.999999999999961   
1.999999999999961   
1.9999999999999605  
1.9999999999999605  
1.9999999999999645  
1.9999999999999651  
1.9999999999999651  
1.9999999999999651  
1.9999999999999651  
1.9999999999999651  
1.999999999999965   
1.999999999999965   
1.9999999999999667  
1.9999999999999667  
1.999999999999967   
1.9999999999999671  
1.9999999999999671  
1.9999999999999676  
1.999999999999968   
1.9999999999999678  
1.9999999999999678  
1.9999999999999678  
1.9999999999999676  
1.9999999999999676  
1.9999999999999676  
1.9999999999999676  
1.999999999999967   
1.999999999999972   
1.9999999999999718  
1.9999999999999836  
1.999999999999979   
1.9999999999999787  
1.9999999999999831  
1.999999999999983   
1.999999999999983   
1.9999999999999825  
1.9999999999999825  
1.9999999999999831  
1.9999999999999831  
1.9999999999999831  
1.9999999999999833  
1.9999999999999845  
1.9999999999999842  
1.9999999999999842  
1.999999999999984   
1.9999999999999838  
1.9999999999999838  
1.9999999999999833  
1.9999999999999831  
1.999999999999983   
1.999999999999984   
1.9999999999999842  
1.9999999999999842  
1.999999999999984   
1.999999999999984   
1.999999999999984   
1.9999999999999836  
1.9999999999999825  
1.999999999999982   
1.9999999999999782  
1.9999999999999782  
1.9999999999999785  
1.9999999999999782  
1.9999999999999785  
1.9999999999999785  
1.9999999999999811  
1.9999999999999811  
1.999999999999981   
1.999999999999981   
1.999999999999981   
1.9999999999999796  
1.9999999999999793  
1.999999999999979   
1.999999999999979   
1.999999999999979   
1.9999999999999787  
1.9999999999999787  
1.9999999999999793  
1.9999999999999793  
1.9999999999999767  
1.9999999999999767  
1.999999999999977   
1.9999999999999774  
1.9999999999999774  
1.9999999999999767  
1.9999999999999762  
1.9999999999999767  
1.9999999999999767  
1.999999999999977   
1.9999999999999767  
1.9999999999999767  
1.9999999999999767  
1.9999999999999767  
1.9999999999999758  
1.9999999999999754  
1.9999999999999758  
1.999999999999976   
1.999999999999976   
1.9999999999999758  
1.999999999999976   
1.9999999999999758  
1.9999999999999616  
1.9999999999999611  
1.9999999999999607  
1.9999999999999605  
1.9999999999999605  
1.99999999999996    
1.99999999999996    
1.99999999999996    
1.9999999999999603  
1.9999999999999598  
1.99999999999996    
1.9999999999999603  
1.9999999999999603  
1.9999999999999603  
1.9999999999999605  
1.9999999999999603  
1.9999999999999603  
1.9999999999999603  
1.9999999999999607  
1.9999999999999605  
1.9999999999999607  
1.9999999999999607  
1.9999999999999607  
1.9999999999999605  
1.9999999999999607  
1.9999999999999603  
1.9999999999999603  
1.9999999999999605  
1.9999999999999603  
1.9999999999999605  
1.9999999999999647  
1.9999999999999625  
1.999999999999963   
1.9999999999999643  
1.9999999999999643  
1.9999999999999643  
1.9999999999999643  
1.9999999999999643  
1.999999999999964   
1.9999999999999654  
1.9999999999999654  
1.9999999999999658  
1.9999999999999643  
1.9999999999999643  
1.999999999999964   
1.9999999999999647  
1.9999999999999643  
1.9999999999999643  
1.999999999999964   
1.9999999999999634  
1.9999999999999631  
1.9999999999999558  
1.999999999999955   
1.9999999999999545  
1.9999999999999558  
1.999999999999956   
1.9999999999999563  
1.9999999999999565  
1.9999999999999565  
1.999999999999958   
1.9999999999999554  
1.9999999999999496  
1.999999999999949   
1.9999999999999492  
1.999999999999949   
1.9999999999999487  
1.999999999999949   
1.9999999999999483  
1.9999999999999487  
1.999999999999941   
1.9999999999999438  
1.9999999999999447  
1.9999999999999454  
1.999999999999945   
1.999999999999947   
1.999999999999947   
1.999999999999947   
1.999999999999947   
1.9999999999999467  
1.9999999999999467  
1.9999999999999463  
1.999999999999946   
1.999999999999946   
1.999999999999947   
1.9999999999999467  
1.9999999999999467  
1.999999999999947   
1.9999999999999472  
1.9999999999999476  
1.9999999999999474  
1.9999999999999476  
1.9999999999999476  
1.9999999999999476  
1.9999999999999474  
1.9999999999999476  
1.9999999999999467  
1.9999999999999554  
1.9999999999999585  
1.9999999999999578  
1.9999999999999578  
1.9999999999999567  
1.9999999999999567  
1.9999999999999594  
1.9999999999999594  
1.9999999999999591  
1.9999999999999594  
1.9999999999999598  
1.9999999999999598  
1.9999999999999598  
1.9999999999999598  
1.9999999999999598  
1.9999999999999596  
1.9999999999999587  
1.9999999999999583  
1.9999999999999571  
1.9999999999999598  
1.9999999999999625  
1.9999999999999627  
1.9999999999999611  
1.9999999999999654  
1.9999999999999611  
1.9999999999999611  
1.9999999999999611  
1.9999999999999611  
1.9999999999999611  
1.9999999999999614  
1.9999999999999611  
1.999999999999961   
1.9999999999999611  
1.9999999999999616  
1.9999999999999616  
1.9999999999999616  
1.9999999999999618  
1.9999999999999616  
1.9999999999999616  
1.9999999999999618  
1.9999999999999616  
1.9999999999999616  
1.9999999999999616  
1.9999999999999616  
1.9999999999999618  
1.999999999999963   
1.999999999999963   
1.999999999999963   
1.9999999999999638  
1.9999999999999643  
1.9999999999999645  
1.9999999999999647  
1.999999999999964   
1.9999999999999667  
1.9999999999999625  
1.9999999999999625  
1.9999999999999627  
1.9999999999999623  
1.9999999999999625  
1.9999999999999651  
1.9999999999999651  
1.9999999999999654  
1.9999999999999656  
1.9999999999999656  
1.9999999999999656  
1.9999999999999654  
1.9999999999999654  
1.999999999999967   
1.9999999999999691  
1.9999999999999667  
1.9999999999999667  
1.9999999999999667  
1.999999999999967   
1.999999999999967   
1.999999999999967   
1.9999999999999671  
1.9999999999999671  
1.9999999999999674  
1.9999999999999674  
1.9999999999999674  
1.9999999999999676  
1.9999999999999678  
1.9999999999999678  
1.9999999999999678  
1.9999999999999678  
1.9999999999999678  
1.9999999999999678  
1.9999999999999676  
1.9999999999999676  
1.9999999999999678  
1.9999999999999678  
1.999999999999968   
1.9999999999999682  
1.9999999999999682  
1.9999999999999682  
1.999999999999968   
1.9999999999999682  
1.9999999999999691  
1.9999999999999698  
1.9999999999999656  
1.999999999999966   
1.9999999999999651  
1.9999999999999651  
1.9999999999999665  
1.999999999999967   
1.9999999999999658  
1.999999999999966   
1.9999999999999658  
1.9999999999999656  
1.9999999999999656  
1.9999999999999651  
1.999999999999965   
1.9999999999999667  
1.9999999999999667  
1.9999999999999665  
1.9999999999999662  
1.999999999999966   
1.999999999999966   
1.999999999999966   
1.9999999999999662  
1.999999999999966   
1.999999999999966   
1.999999999999966   
1.999999999999966   
1.9999999999999662  
1.9999999999999662  
1.9999999999999662  
1.9999999999999665  
1.9999999999999665  
1.9999999999999662  
1.999999999999966   
1.9999999999999656  
1.9999999999999656  
1.9999999999999651  
1.9999999999999654  
1.9999999999999651  
1.9999999999999647  
1.9999999999999645  
1.9999999999999638  
1.9999999999999654  
1.9999999999999651  
1.9999999999999645  
1.9999999999999645  
1.9999999999999638  
1.9999999999999758  
1.9999999999999758  
1.999999999999976   
1.9999999999999758  
1.9999999999999758  
1.9999999999999762  
1.9999999999999758  
1.9999999999999776  
1.999999999999978   
1.9999999999999778  
1.9999999999999776  
1.9999999999999776  
1.9999999999999776  
1.9999999999999776  
1.9999999999999782  
1.999999999999978   
1.9999999999999778  
1.9999999999999782  
1.9999999999999782  
1.9999999999999782  
1.9999999999999782  
1.9999999999999782  
1.999999999999978   
1.999999999999978   
1.999999999999978   
1.999999999999978   
1.9999999999999774  
1.9999999999999767  
1.9999999999999767  
1.999999999999977   
1.9999999999999762  
1.9999999999999747  
1.9999999999999711  
1.9999999999999707  
1.9999999999999711  
1.9999999999999711  
1.9999999999999705  
1.9999999999999705  
1.9999999999999705  
1.9999999999999687  
1.9999999999999685  
1.9999999999999685  
1.9999999999999625  
1.9999999999999671  
1.999999999999969   
1.9999999999999696  
1.9999999999999696  
1.9999999999999696  
1.9999999999999696  
1.9999999999999696  
1.9999999999999694  
1.9999999999999694  
1.9999999999999694  
1.9999999999999694  
1.9999999999999651  
1.9999999999999687  
1.9999999999999687  
1.9999999999999687  
1.9999999999999682  
1.9999999999999682  
1.9999999999999685  
1.9999999999999691  
1.999999999999969   
1.999999999999969   
1.999999999999969   
1.999999999999969   
1.999999999999969   
1.9999999999999694  
1.9999999999999696  
1.9999999999999714  
1.999999999999967   
1.999999999999967   
1.999999999999967   
1.9999999999999671  
1.9999999999999671  
1.9999999999999654  
1.9999999999999603  
1.9999999999999603  
1.99999999999996    
1.9999999999999598  
1.9999999999999598  
1.9999999999999603  
1.9999999999999603  
1.999999999999961   
1.9999999999999611  
1.9999999999999614  
1.9999999999999614  
1.9999999999999611  
1.9999999999999618  
1.999999999999962   
1.999999999999962   
1.9999999999999618  
1.9999999999999662  
1.9999999999999667  
1.999999999999967   
1.9999999999999674  
1.9999999999999674  
1.9999999999999671  
1.9999999999999667  
1.9999999999999674  
1.9999999999999674  
1.9999999999999676  
1.9999999999999682  
1.9999999999999682  
1.9999999999999682  
1.9999999999999685  
1.9999999999999687  
1.9999999999999691  
1.9999999999999691  
1.9999999999999691  
1.9999999999999691  
1.999999999999969   
1.9999999999999687  
1.9999999999999682  
1.99999999999997    
1.99999999999997    
1.9999999999999696  
1.9999999999999698  
1.9999999999999698  
1.9999999999999702  
1.9999999999999698  
1.9999999999999714  
1.9999999999999751  
1.999999999999975   
1.999999999999975   
1.9999999999999651  
1.9999999999999654  
1.9999999999999647  
1.9999999999999645  
1.9999999999999647  
1.9999999999999645  
1.9999999999999647  
1.9999999999999645  
1.9999999999999638  
1.9999999999999634  
1.9999999999999638  
1.9999999999999567  
1.9999999999999565  
1.9999999999999563  
1.999999999999957   
1.999999999999957   
1.999999999999957   
1.999999999999957   
1.9999999999999571  
1.9999999999999571  
1.9999999999999594  
1.9999999999999596  
1.9999999999999598  
1.9999999999999594  
1.9999999999999596  
1.9999999999999596  
1.999999999999959   
1.999999999999959   
1.999999999999959   
1.9999999999999591  
1.9999999999999585  
1.999999999999959   
1.999999999999959   
1.999999999999959   
1.999999999999959   
1.9999999999999585  
1.999999999999958   
1.9999999999999585  
1.999999999999958   
1.9999999999999578  
1.9999999999999578  
1.9999999999999576  
1.9999999999999574  
1.9999999999999576  
1.9999999999999576  
1.9999999999999574  
1.9999999999999571  
1.9999999999999571  
1.9999999999999571  
1.9999999999999571  
1.9999999999999571  
1.9999999999999563  
1.9999999999999503  
1.9999999999999503  
1.9999999999999503  
1.9999999999999503  
1.99999999999995    
1.99999999999995    
1.99999999999995    
1.9999999999999496  
1.9999999999999496  
1.9999999999999498  
1.999999999999952   
1.9999999999999523  
1.9999999999999523  
1.9999999999999525  
1.9999999999999527  
1.9999999999999531  
1.9999999999999534  
1.9999999999999538  
1.9999999999999538  
1.9999999999999487  
1.9999999999999476  
1.9999999999999476  
1.9999999999999474  
1.9999999999999472  
1.9999999999999476  
1.9999999999999465  
1.9999999999999465  
1.9999999999999454  
1.9999999999999456  
1.9999999999999454  
1.9999999999999454  
1.9999999999999454  
1.9999999999999452  
1.999999999999945   
1.999999999999945   
1.9999999999999454  
1.9999999999999456  
1.9999999999999456  
1.9999999999999447  
1.9999999999999447  
1.9999999999999447  
1.9999999999999447  
1.9999999999999447  
1.9999999999999445  
1.9999999999999452  
1.9999999999999452  
1.9999999999999452  
1.9999999999999447  
1.999999999999945   
1.9999999999999452  
1.9999999999999452  
1.9999999999999452  
1.9999999999999445  
1.9999999999999452  
1.9999999999999452  
1.9999999999999436  
1.999999999999944   
1.999999999999945   
1.9999999999999452  
1.9999999999999452  
1.9999999999999452  
1.999999999999945   
1.999999999999945   
1.999999999999945   
1.9999999999999447  
1.9999999999999447  
1.9999999999999447  
1.9999999999999436  
1.9999999999999436  
1.9999999999999436  
1.9999999999999434  
1.9999999999999434  
1.9999999999999438  
1.9999999999999438  
1.9999999999999438  
1.999999999999944   
1.999999999999944   
1.9999999999999454  
1.9999999999999447  
1.9999999999999452  
1.9999999999999487  
1.999999999999949   
1.9999999999999487  
1.999999999999949   
1.999999999999949   
1.9999999999999492  
1.999999999999949   
1.999999999999949   
1.9999999999999494  
1.9999999999999512  
1.9999999999999512  
1.9999999999999514  
1.9999999999999531  
1.9999999999999534  
1.9999999999999531  
1.9999999999999523  
1.9999999999999503  
1.9999999999999505  
1.9999999999999507  
1.9999999999999534  
1.9999999999999571  
1.9999999999999574  
1.9999999999999578  
1.9999999999999578  
1.9999999999999576  
1.9999999999999565  
1.9999999999999563  
1.9999999999999565  
1.9999999999999565  
1.999999999999956   
1.999999999999956   
1.9999999999999563  
1.999999999999956   
1.9999999999999558  
1.9999999999999558  
1.999999999999956   
1.999999999999956   
1.999999999999956   
1.9999999999999556  
1.9999999999999558  
1.9999999999999556  
1.9999999999999556  
1.9999999999999496  
1.9999999999999496  
1.99999999999995    
1.99999999999995    
1.99999999999995    
1.99999999999995    
1.99999999999995    
1.99999999999995    
1.99999999999995    
1.99999999999995    
1.99999999999995    
1.9999999999999498  
1.9999999999999498  
1.9999999999999498  
1.9999999999999498  
1.99999999999995    
1.99999999999995    
1.99999999999995    
1.9999999999999503  
1.9999999999999503  
1.9999999999999503  
1.9999999999999478  
1.9999999999999478  
1.9999999999999503  
1.9999999999999514  
1.9999999999999505  
1.9999999999999505  
1.99999999999995    
1.9999999999999503  
1.9999999999999503  
1.99999999999995    
1.99999999999995    
1.99999999999995    
1.99999999999995    
1.99999999999995    
1.9999999999999498  
1.9999999999999496  
1.9999999999999496  
1.9999999999999527  
1.9999999999999527  
1.9999999999999512  
1.999999999999951   
1.99999999999995    
1.99999999999995    
1.9999999999999483  
1.9999999999999483  
1.9999999999999483  
1.9999999999999483  
1.9999999999999483  
1.9999999999999483  
1.9999999999999478  
1.999999999999948   
1.999999999999948   
1.9999999999999478  
1.999999999999949   
1.9999999999999492  
1.9999999999999494  
1.9999999999999494  
1.9999999999999496  
1.9999999999999498  
1.999999999999949   
1.999999999999949   
1.999999999999949   
1.999999999999949   
1.9999999999999487  
1.9999999999999474  
1.9999999999999474  
1.9999999999999478  
1.9999999999999483  
1.9999999999999483  
1.9999999999999483  
1.9999999999999485  
1.9999999999999485  
1.9999999999999483  
1.9999999999999483  
1.9999999999999485  
1.9999999999999485  
1.9999999999999487  
1.9999999999999487  
1.9999999999999487  
1.9999999999999487  
1.9999999999999487  
1.999999999999949   
1.999999999999949   
1.999999999999949   
1.9999999999999487  
1.999999999999949   
1.999999999999949   
1.9999999999999487  
1.9999999999999485  
1.9999999999999485  
1.9999999999999485  
1.9999999999999485  
1.9999999999999483  
1.9999999999999483  
1.9999999999999414  
1.999999999999942   
1.9999999999999416  
1.9999999999999418  
1.9999999999999416  
1.9999999999999416  
1.9999999999999414  
1.999999999999941   
1.9999999999999414  
1.9999999999999414  
1.9999999999999407  
1.9999999999999407  
1.9999999999999405  
1.9999999999999412  
1.9999999999999407  
1.9999999999999405  
1.99999999999994    
1.99999999999994    
1.9999999999999385  
1.9999999999999385  
1.99999999999994    
1.9999999999999427  
1.9999999999999425  
1.9999999999999423  
1.9999999999999423  
1.9999999999999432  
1.9999999999999432  
1.999999999999943   
1.999999999999943   
1.999999999999943   
1.9999999999999427  
1.9999999999999427  
1.999999999999943   
1.9999999999999432  
1.9999999999999432  
1.9999999999999432  
1.9999999999999436  
1.9999999999999434  
1.9999999999999434  
1.999999999999944   
1.999999999999944   
1.999999999999939   
1.999999999999939   
1.999999999999937   
1.9999999999999352  
1.9999999999999354  
1.999999999999936   
1.9999999999999363  
1.9999999999999365  
1.9999999999999365  
1.9999999999999367  
1.9999999999999367  
1.9999999999999367  
1.9999999999999365  
1.9999999999999365  
1.9999999999999363  
1.9999999999999363  
1.9999999999999363  
1.9999999999999363  
1.9999999999999365  
1.9999999999999365  
1.9999999999999367  
1.9999999999999367  
1.9999999999999367  
1.9999999999999365  
1.9999999999999363  
1.9999999999999374  
1.9999999999999352  
1.999999999999936   
1.999999999999936   
1.999999999999936   
1.9999999999999365  
1.9999999999999367  
1.9999999999999367  
1.9999999999999365  
1.9999999999999363  
1.9999999999999372  
1.9999999999999365  
1.9999999999999378  
1.9999999999999378  
1.9999999999999387  
1.9999999999999385  
1.9999999999999383  
1.9999999999999383  
1.9999999999999383  
1.999999999999938   
1.9999999999999392  
1.9999999999999392  
1.9999999999999385  
1.9999999999999383  
1.999999999999938   
1.999999999999938   
1.9999999999999374  
1.9999999999999376  
1.999999999999937   
1.999999999999937   
1.9999999999999405  
1.99999999999994    
1.9999999999999398  
1.99999999999994    
1.99999999999994    
1.9999999999999403  
1.9999999999999403  
1.9999999999999407  
1.9999999999999405  
1.9999999999999423  
1.999999999999942   
1.9999999999999427  
1.9999999999999427  
1.9999999999999432  
1.9999999999999438  
1.9999999999999438  
1.9999999999999438  
1.9999999999999438  
1.9999999999999438  
1.999999999999944   
1.999999999999944   
1.9999999999999438  
1.9999999999999438  
1.9999999999999436  
1.9999999999999434  
1.999999999999943   
1.9999999999999463  
1.9999999999999463  
1.9999999999999425  
1.9999999999999427  
1.9999999999999427  
1.999999999999943   
1.999999999999943   
1.9999999999999432  
1.9999999999999432  
1.9999999999999436  
1.9999999999999443  
1.999999999999945   
1.9999999999999454  
1.999999999999945   
1.9999999999999454  
1.9999999999999456  
1.9999999999999456  
1.9999999999999452  
1.9999999999999454  
1.9999999999999454  
1.9999999999999454  
1.9999999999999467  
1.999999999999947   
1.9999999999999467  
1.9999999999999467  
1.999999999999947   
1.9999999999999474  
1.9999999999999476  
1.9999999999999476  
1.9999999999999476  
1.9999999999999483  
1.999999999999948   
1.9999999999999476  
1.9999999999999478  
1.9999999999999474  
1.9999999999999476  
1.9999999999999445  
1.9999999999999447  
1.9999999999999447  
1.9999999999999452  
1.9999999999999447  
1.9999999999999447  
1.9999999999999447  
1.9999999999999454  
1.9999999999999472  
1.9999999999999472  
1.9999999999999478  
1.9999999999999478  
1.999999999999948   
1.999999999999948   
1.9999999999999478  
1.999999999999945   
1.9999999999999452  
1.9999999999999452  
1.9999999999999452  
1.9999999999999456  
1.9999999999999463  
1.9999999999999447  
1.9999999999999463  
1.9999999999999465  
1.9999999999999463  
1.9999999999999463  
1.9999999999999472  
1.9999999999999472  
1.999999999999947   
1.999999999999947   
1.999999999999947   
1.9999999999999472  
1.9999999999999472  
1.9999999999999476  
1.9999999999999496  
1.9999999999999498  
1.9999999999999498  
1.9999999999999498  
1.9999999999999498  
1.9999999999999498  
1.9999999999999494  
1.9999999999999487  
1.999999999999949   
1.9999999999999485  
1.9999999999999483  
1.9999999999999487  
1.9999999999999487  
1.9999999999999487  
1.9999999999999492  
1.9999999999999485  
1.9999999999999476  
1.9999999999999525  
1.999999999999952   
1.9999999999999514  
