5.999999999999943
6.99999999999994
5.999999999999944
5.999999999999945
6.9999999999999405
5.9999999999999325
6.999999999999935
6.999999999999931
7.999999999999936
7.999999999999932
7.999999999999929
7.999999999999915
6.999999999999918
6.999999999999917
6.999999999999915
6.999999999999912
5.999999999999913
5.999999999999917
5.999999999999918
5.999999999999915
5.9999999999999165
5.999999999999908
5.999999999999904
5.999999999999904
7.999999999999908
8.999999999999929
8.99999999999994
8.999999999999936
7.99999999999993
7.999999999999922
7.999999999999931
8.999999999999911
8.999999999999915
7.999999999999927
7.999999999999925
7.999999999999921
9.999999999999915
11.999999999999963
11.999999999999975
11.999999999999963
10.999999999999943
10.999999999999934
10.999999999999895
10.999999999999883
10.999999999999865
10.999999999999865
10.999999999999867
10.999999999999899
11.999999999999856
11.999999999999853
11.999999999999847
10.999999999999865
10.999999999999861
10.999999999999865
10.999999999999858
10.999999999999858
10.999999999999876
10.999999999999876
10.999999999999872
9.999999999999844
8.999999999999828
9.999999999999826
7.999999999999839
8.999999999999835
9.999999999999842
9.999999999999861
9.999999999999876
8.999999999999876
9.999999999999838
8.99999999999986
7.999999999999849
8.999999999999845
6.999999999999824
4.999999999999821
5.999999999999821
6.999999999999818
8.999999999999815
8.99999999999982
8.999999999999833
7.999999999999825
7.999999999999827
7.999999999999829
7.9999999999998375
7.999999999999845
7.999999999999837
8.999999999999858
8.999999999999849
8.99999999999986
8.999999999999863
9.999999999999872
9.999999999999872
10.999999999999869
10.99999999999986
10.99999999999985
10.999999999999844
10.999999999999828
11.999999999999815
10.99999999999982
10.999999999999817
10.999999999999803
10.999999999999783
10.999999999999796
10.999999999999801
10.999999999999803
9.999999999999805
10.999999999999856
10.99999999999986
11.999999999999881
11.999999999999895
11.999999999999915
11.999999999999902
10.999999999999881
10.999999999999877
10.999999999999913
10.99999999999991
10.999999999999906
10.999999999999918
10.99999999999991
10.999999999999902
9.999999999999899
9.999999999999893
10.9999999999999
9.9999999999999
8.999999999999906
8.999999999999906
9.999999999999899
8.999999999999906
8.999999999999917
8.999999999999922
8.999999999999893
8.99999999999991
8.999999999999924
8.999999999999924
6.999999999999918
6.999999999999918
6.999999999999918
5.999999999999924
4.99999999999992
4.9999999999999245
3.9999999999999387
5.999999999999934
6.999999999999929
6.999999999999924
5.999999999999915
5.999999999999911
5.999999999999911
5.999999999999903
6.9999999999998925
6.9999999999998845
6.99999999999989
6.99999999999988
6.999999999999876
6.999999999999877
6.999999999999885
6.999999999999884
6.999999999999884
6.9999999999998845
7.9999999999998845
7.999999999999868
7.999999999999876
6.999999999999878
6.999999999999881
7.999999999999908
6.999999999999898
6.999999999999902
7.999999999999899
7.999999999999894
5.999999999999894
7.999999999999897
7.999999999999915
7.999999999999919
6.999999999999915
6.99999999999992
6.999999999999906
6.999999999999914
6.999999999999909
7.999999999999925
7.999999999999924
9.999999999999934
9.999999999999954
9.99999999999996
9.999999999999948
9.99999999999996
10.999999999999947
10.99999999999996
10.99999999999995
9.999999999999961
9.999999999999966
9.999999999999966
10.999999999999975
9.999999999999952
9.999999999999952
10.999999999999975
10.999999999999984
10.999999999999963
10.999999999999968
9.999999999999968
10.999999999999956
11.99999999999994
11.999999999999941
11.999999999999936
11.999999999999932
11.999999999999936
10.999999999999941
10.999999999999927
9.999999999999941
8.999999999999948
9.999999999999925
8.999999999999927
9.999999999999941
9.999999999999943
8.99999999999995
8.99999999999994
8.999999999999957
7.999999999999963
7.999999999999963
8.999999999999947
8.99999999999994
7.999999999999943
7.999999999999943
7.999999999999934
7.9999999999999325
7.9999999999999245
8.99999999999992
9.999999999999911
9.999999999999918
9.999999999999917
9.999999999999911
10.999999999999902
10.999999999999906
10.999999999999897
11.999999999999911
11.999999999999893
11.999999999999883
12.99999999999985
13.999999999999826
13.999999999999826
12.999999999999797
11.999999999999774
10.999999999999753
9.999999999999746
10.999999999999751
11.99999999999974
10.999999999999742
11.99999999999977
11.999999999999785
11.999999999999837
10.999999999999792
10.999999999999794
10.999999999999797
10.999999999999812
9.999999999999815
9.999999999999826
9.999999999999844
9.99999999999985
9.99999999999984
9.999999999999845
9.999999999999844
9.999999999999844
9.999999999999822
9.999999999999826
9.999999999999819
9.999999999999806
8.999999999999764
10.999999999999767
10.999999999999778
10.999999999999794
11.999999999999787
10.999999999999796
10.999999999999808
11.999999999999778
11.99999999999977
10.9999999999998
10.999999999999803
10.999999999999783
10.999999999999805
10.999999999999815
10.99999999999982
10.9999999999998
9.999999999999806
8.99999999999983
8.999999999999831
9.999999999999828
7.999999999999829
6.999999999999834
6.999999999999829
6.9999999999998295
6.999999999999821
7.999999999999819
7.9999999999997895
7.999999999999778
8.999999999999764
9.999999999999789
9.999999999999783
9.999999999999789
8.999999999999803
8.999999999999805
8.999999999999803
8.99999999999979
8.999999999999813
8.999999999999819
7.999999999999846
7.999999999999847
6.999999999999846
6.999999999999848
6.9999999999998455
7.999999999999843
7.999999999999837
8.999999999999837
9.99999999999987
8.999999999999861
8.99999999999985
8.999999999999847
6.999999999999844
7.999999999999847
7.999999999999847
8.999999999999826
9.99999999999983
8.999999999999819
8.999999999999822
8.999999999999828
8.999999999999822
8.999999999999805
7.999999999999816
8.999999999999837
8.999999999999826
8.999999999999833
9.999999999999826
9.999999999999805
9.999999999999796
9.9999999999998
9.999999999999826
9.999999999999819
8.999999999999813
5.999999999999812
5.999999999999808
7.999999999999795
6.999999999999792
8.999999999999764
10.999999999999797
8.999999999999806
8.999999999999782
8.999999999999796
7.999999999999768
8.999999999999782
8.999999999999778
8.999999999999764
8.999999999999757
8.999999999999751
8.999999999999766
8.999999999999767
8.999999999999751
8.999999999999751
9.999999999999748
10.999999999999746
10.999999999999758
10.99999999999976
10.999999999999758
10.999999999999744
9.999999999999753
9.999999999999751
9.99999999999973
10.999999999999721
10.999999999999723
11.999999999999714
11.99999999999971
11.999999999999705
10.999999999999709
10.999999999999703
10.99999999999972
10.99999999999972
10.999999999999721
10.999999999999739
10.999999999999739
10.999999999999726
10.999999999999734
8.999999999999767
8.99999999999977
8.999999999999762
8.999999999999776
9.999999999999794
10.999999999999773
8.999999999999801
7.999999999999819
9.99999999999981
9.999999999999826
10.99999999999983
10.999999999999824
10.999999999999815
9.999999999999813
9.999999999999815
7.999999999999802
6.999999999999821
6.99999999999982
6.999999999999809
8.99999999999978
8.999999999999787
9.99999999999976
9.999999999999744
9.999999999999757
9.999999999999751
9.999999999999757
9.999999999999767
9.99999999999977
9.999999999999769
8.999999999999783
10.999999999999787
11.99999999999979
11.9999999999998
10.999999999999778
10.999999999999764
10.999999999999789
10.999999999999789
10.99999999999979
9.999999999999785
9.999999999999783
9.999999999999785
9.999999999999774
9.999999999999773
8.999999999999766
7.999999999999766
7.99999999999976
7.999999999999746
7.999999999999712
7.999999999999716
8.999999999999716
7.999999999999713
6.999999999999722
8.999999999999734
8.999999999999746
8.999999999999709
8.999999999999714
8.99999999999972
8.999999999999735
9.999999999999742
10.999999999999751
9.999999999999764
10.999999999999773
9.999999999999762
10.999999999999769
10.999999999999753
10.999999999999748
7.999999999999789
8.99999999999978
8.999999999999787
8.999999999999822
8.999999999999787
8.999999999999796
7.999999999999799
7.999999999999794
7.999999999999798
8.999999999999797
10.999999999999702
11.999999999999702
11.999999999999691
11.999999999999687
11.999999999999693
12.9999999999997
11.999999999999712
11.99999999999972
11.999999999999723
11.999999999999734
12.999999999999753
11.999999999999744
11.99999999999975
12.99999999999975
12.999999999999746
12.999999999999718
12.999999999999678
12.99999999999968
12.999999999999666
12.999999999999662
12.999999999999641
11.999999999999647
11.999999999999636
11.99999999999964
10.99999999999963
11.999999999999622
11.999999999999611
11.999999999999606
11.999999999999593
11.999999999999568
12.99999999999952
12.999999999999535
12.999999999999536
12.999999999999545
12.999999999999543
12.999999999999556
12.999999999999561
12.999999999999552
12.99999999999955
11.999999999999565
11.99999999999957
11.999999999999575
11.999999999999567
11.999999999999565
11.999999999999558
11.99999999999954
10.999999999999561
8.99999999999957
8.999999999999561
9.999999999999561
9.999999999999577
9.99999999999957
9.999999999999568
8.999999999999568
8.999999999999561
8.999999999999567
8.999999999999552
6.999999999999549
6.999999999999552
7.999999999999556
7.9999999999995595
6.999999999999555
6.999999999999556
7.999999999999549
7.999999999999539
7.999999999999556
5.999999999999553
6.999999999999546
6.9999999999995435
6.999999999999536
7.999999999999531
6.999999999999528
6.999999999999512
6.999999999999505
6.99999999999951
7.999999999999509
6.999999999999499
5.999999999999487
6.999999999999486
7.999999999999482
7.999999999999485
7.999999999999494
7.999999999999496
8.999999999999526
8.999999999999522
7.999999999999522
7.99999999999952
6.999999999999526
6.999999999999522
8.99999999999955
7.999999999999561
7.999999999999562
7.999999999999562
7.999999999999567
7.99999999999958
7.999999999999591
7.999999999999583
7.999999999999573
7.999999999999569
7.999999999999567
6.9999999999995435
6.999999999999538
6.9999999999995435
6.999999999999541
6.999999999999531
6.999999999999538
5.999999999999538
6.999999999999533
4.999999999999532
5.999999999999536
3.9999999999995453
2.9999999999995417
3.999999999999554
4.999999999999547
5.99999999999954
6.9999999999995435
6.999999999999531
7.99999999999952
9.999999999999504
8.99999999999951
8.999999999999513
8.999999999999499
8.999999999999496
7.999999999999489
8.999999999999483
8.999999999999476
9.999999999999492
9.999999999999492
9.999999999999483
10.999999999999492
10.999999999999483
11.999999999999464
12.999999999999451
12.999999999999448
12.999999999999442
12.999999999999448
12.99999999999945
12.999999999999446
11.999999999999446
9.999999999999444
7.999999999999447
7.9999999999994715
8.999999999999458
8.99999999999946
9.99999999999945
9.999999999999442
10.999999999999453
10.999999999999497
10.999999999999531
10.99999999999953
10.999999999999496
10.999999999999494
10.999999999999494
10.999999999999504
10.999999999999522
11.999999999999487
11.999999999999453
11.999999999999442
11.999999999999424
11.999999999999458
11.999999999999455
12.999999999999428
12.999999999999439
12.999999999999428
12.999999999999432
12.999999999999424
11.99999999999941
11.999999999999426
10.999999999999442
11.999999999999462
11.999999999999451
11.999999999999476
12.999999999999458
12.999999999999512
12.999999999999526
12.999999999999506
10.99999999999949
10.999999999999492
10.999999999999481
9.999999999999478
9.999999999999483
9.999999999999497
8.999999999999478
6.99999999999948
7.999999999999482
8.99999999999948
8.999999999999483
9.999999999999464
9.999999999999453
9.999999999999446
9.99999999999944
9.999999999999453
9.999999999999433
9.999999999999387
8.999999999999407
8.999999999999408
8.999999999999412
8.999999999999414
8.99999999999942
9.999999999999417
9.999999999999432
9.99999999999943
9.999999999999446
9.999999999999446
9.999999999999451
9.999999999999474
9.999999999999455
9.99999999999946
10.999999999999456
9.999999999999444
8.999999999999435
9.99999999999945
9.999999999999424
9.999999999999426
9.999999999999448
11.999999999999407
11.99999999999942
11.999999999999423
11.999999999999439
11.99999999999943
11.999999999999439
11.999999999999456
11.999999999999469
11.99999999999949
11.99999999999949
11.999999999999506
11.999999999999508
11.999999999999512
10.999999999999492
10.999999999999478
10.999999999999485
10.999999999999481
10.999999999999472
10.999999999999472
10.999999999999456
10.999999999999478
8.999999999999458
7.999999999999476
8.999999999999472
8.999999999999469
8.999999999999467
9.999999999999464
9.99999999999946
10.99999999999945
9.999999999999455
9.999999999999453
9.999999999999442
8.999999999999432
8.999999999999426
8.999999999999412
7.999999999999408
7.9999999999994165
8.999999999999408
6.9999999999994005
6.999999999999394
6.99999999999939
7.999999999999394
7.999999999999385
6.99999999999939
6.999999999999389
6.999999999999395
6.999999999999395
6.99999999999939
6.999999999999387
6.999999999999389
6.999999999999398
6.999999999999396
7.999999999999389
7.999999999999392
7.9999999999993925
7.999999999999389
8.999999999999371
8.999999999999364
8.999999999999357
9.99999999999933
9.999999999999325
9.99999999999931
9.999999999999321
9.999999999999336
10.999999999999329
10.999999999999346
10.99999999999935
8.999999999999343
9.999999999999343
9.999999999999348
9.999999999999353
9.99999999999934
8.99999999999931
9.999999999999329
9.999999999999323
10.999999999999337
9.999999999999371
8.99999999999938
8.999999999999357
8.999999999999348
9.999999999999341
9.999999999999334
9.999999999999343
9.999999999999346
9.999999999999362
8.99999999999934
8.999999999999337
9.999999999999288
9.9999999999993
9.999999999999288
8.999999999999286
8.99999999999928
8.99999999999928
8.999999999999286
9.999999999999277
9.999999999999272
9.999999999999266
8.999999999999268
8.999999999999275
9.999999999999293
9.999999999999277
8.999999999999286
8.999999999999295
9.999999999999297
8.99999999999931
8.999999999999323
8.999999999999313
8.999999999999286
8.99999999999929
8.999999999999318
7.999999999999331
7.999999999999324
7.999999999999306
6.999999999999307
7.999999999999324
7.99999999999932
7.999999999999327
7.99999999999933
7.999999999999336
6.999999999999319
7.9999999999993205
6.99999999999931
5.999999999999307
5.999999999999312
5.999999999999307
3.999999999999294
2.999999999999292
2.9999999999992983
3.9999999999992992
2.9999999999993
3.999999999999303
3.999999999999296
3.9999999999992903
4.999999999999304
4.9999999999993054
4.999999999999311
4.999999999999312
3.999999999999309
3.9999999999993046
3.999999999999312
2.999999999999313
3.9999999999993108
4.9999999999993054
4.999999999999307
3.9999999999992966
2.9999999999992992
5.999999999999301
6.999999999999302
5.999999999999309
5.999999999999321
5.999999999999321
5.999999999999319
5.999999999999319
7.999999999999332
7.9999999999993285
6.999999999999331
6.9999999999993125
6.999999999999316
5.9999999999993205
5.999999999999304
5.999999999999306
6.999999999999297
6.999999999999304
6.999999999999306
5.9999999999993054
6.999999999999314
5.999999999999311
5.999999999999323
6.999999999999322
6.999999999999315
5.999999999999312
7.999999999999303
7.999999999999304
5.999999999999302
6.99999999999931
6.999999999999304
6.999999999999315
7.999999999999314
7.9999999999993205
5.999999999999309
7.999999999999317
8.999999999999313
9.999999999999321
10.999999999999334
11.999999999999327
10.99999999999931
10.99999999999933
10.999999999999316
9.99999999999932
9.999999999999305
9.999999999999302
9.999999999999277
10.999999999999293
10.999999999999284
10.999999999999288
11.999999999999288
11.999999999999277
11.999999999999282
11.999999999999291
11.99999999999928
10.99999999999929
10.999999999999279
10.99999999999927
10.99999999999925
10.999999999999266
10.999999999999275
11.999999999999249
11.999999999999234
10.999999999999236
10.999999999999241
10.999999999999226
11.999999999999234
11.999999999999236
11.999999999999249
11.999999999999249
10.999999999999229
11.999999999999252
11.999999999999254
11.999999999999265
11.999999999999277
10.999999999999263
11.999999999999282
10.999999999999256
9.999999999999252
9.999999999999249
8.999999999999252
7.999999999999266
7.99999999999927
7.999999999999269
6.999999999999264
7.999999999999258
6.99999999999925
8.999999999999256
7.9999999999992495
7.999999999999255
8.999999999999238
8.999999999999204
8.999999999999233
8.999999999999233
8.99999999999926
8.999999999999254
8.999999999999266
6.999999999999255
6.999999999999258
6.999999999999255
7.999999999999247
7.999999999999244
8.999999999999254
8.99999999999926
8.999999999999263
8.999999999999257
8.999999999999254
8.99999999999926
8.999999999999268
7.999999999999202
8.999999999999227
9.999999999999195
9.9999999999992
8.999999999999162
8.999999999999158
8.999999999999147
7.999999999999143
5.999999999999156
6.9999999999991465
5.999999999999144
5.999999999999154
4.999999999999145
5.99999999999914
6.999999999999147
5.999999999999129
6.99999999999913
6.999999999999123
6.999999999999133
6.999999999999138
6.999999999999134
6.999999999999139
5.999999999999126
4.99999999999911
5.999999999999101
4.999999999999103
5.999999999999099
4.999999999999096
4.9999999999990985
5.9999999999990985
4.999999999999104
6.99999999999909
6.999999999999091
6.999999999999091
5.999999999999111
5.99999999999911
5.99999999999911
5.99999999999911
5.999999999999104
5.999999999999107
5.9999999999991145
6.999999999999106
6.999999999999108
7.999999999999105
6.999999999999103
6.9999999999991
6.9999999999990905
6.999999999999094
6.999999999999099
6.9999999999991
6.999999999999099
6.999999999999103
6.999999999999099
7.99999999999909
8.999999999999085
7.999999999999081
7.999999999999079
7.999999999999087
6.9999999999990905
6.999999999999088
6.999999999999087
6.9999999999990825
5.9999999999990905
5.999999999999079
5.999999999999071
5.9999999999990745
4.999999999999076
5.999999999999074
5.99999999999908
4.99999999999907
5.99999999999907
6.999999999999061
4.999999999999058
3.9999999999990745
3.9999999999990723
5.999999999999083
7.999999999999062
7.999999999999066
8.999999999999055
8.999999999999057
7.999999999999072
7.999999999999068
7.999999999999067
6.999999999999066
6.999999999999066
7.999999999999069
6.999999999999085
6.999999999999086
6.999999999999082
6.999999999999089
7.999999999999093
7.999999999999124
6.999999999999152
5.999999999999168
5.999999999999163
5.999999999999163
5.9999999999991624
5.999999999999164
5.99999999999917
6.9999999999991696
7.999999999999162
8.999999999999162
9.999999999999162
10.999999999999167
10.999999999999176
9.999999999999147
9.999999999999147
9.999999999999154
10.999999999999135
10.99999999999914
10.999999999999138
10.999999999999122
10.99999999999911
10.999999999999101
11.999999999999101
10.9999999999991
10.999999999999117
9.999999999999112
9.999999999999126
9.999999999999124
8.999999999999138
10.999999999999133
10.999999999999137
10.999999999999133
9.999999999999142
9.999999999999133
8.999999999999146
8.999999999999163
7.999999999999189
8.999999999999181
9.999999999999174
8.999999999999192
7.999999999999176
7.99999999999918
8.999999999999236
8.99999999999924
9.99999999999921
9.999999999999224
8.999999999999218
7.999999999999215
9.999999999999208
9.999999999999229
10.999999999999241
9.999999999999254
9.999999999999266
8.99999999999924
8.999999999999227
8.999999999999211
10.99999999999919
9.999999999999176
7.999999999999174
6.999999999999175
7.999999999999171
7.999999999999174
7.999999999999184
7.999999999999181
7.999999999999181
7.9999999999991855
7.9999999999991855
7.999999999999189
7.999999999999204
6.9999999999992095
5.999999999999212
6.999999999999227
7.999999999999229
6.999999999999223
5.999999999999219
5.9999999999992255
6.999999999999213
6.999999999999215
6.999999999999213
7.99999999999922
7.999999999999233
7.999999999999243
8.999999999999254
8.999999999999275
7.999999999999291
7.999999999999304
7.9999999999992975
7.9999999999993125
8.999999999999327
8.999999999999321
8.999999999999332
8.999999999999334
8.999999999999332
7.999999999999308
7.999999999999322
6.999999999999325
7.999999999999304
6.999999999999289
6.999999999999289
6.999999999999295
8.9999999999993
7.999999999999313
8.9999999999993
8.9999999999993
8.999999999999288
8.999999999999277
8.999999999999272
7.9999999999992655
7.999999999999252
7.9999999999992415
7.999999999999236
8.99999999999925
8.999999999999261
8.999999999999277
8.999999999999305
9.99999999999931
9.99999999999931
9.999999999999297
9.999999999999284
9.99999999999927
10.999999999999286
10.999999999999245
10.999999999999229
10.999999999999243
9.999999999999238
9.999999999999233
9.99999999999922
8.999999999999222
6.999999999999224
6.999999999999231
7.999999999999236
8.99999999999924
8.999999999999234
8.999999999999236
8.999999999999224
8.999999999999195
8.9999999999992
7.999999999999226
7.999999999999226
7.999999999999218
6.999999999999218
6.9999999999992175
7.999999999999239
7.999999999999222
8.999999999999217
8.999999999999208
9.999999999999227
8.999999999999213
9.999999999999215
9.999999999999185
9.999999999999178
9.999999999999165
10.999999999999178
10.999999999999188
10.99999999999919
10.999999999999192
11.999999999999186
11.999999999999172
11.99999999999918
11.999999999999167
11.999999999999178
11.999999999999169
10.99999999999918
10.999999999999208
11.999999999999222
11.999999999999229
10.999999999999213
10.999999999999233
10.999999999999252
11.999999999999261
10.999999999999288
10.99999999999929
10.999999999999298
10.999999999999298
10.999999999999334
11.999999999999325
11.999999999999329
11.999999999999323
11.99999999999931
11.999999999999336
11.99999999999934
11.999999999999332
11.999999999999329
12.999999999999318
12.999999999999318
12.99999999999933
11.999999999999332
9.999999999999313
9.99999999999932
9.999999999999329
10.999999999999318
10.999999999999323
10.999999999999316
10.999999999999318
9.999999999999307
10.999999999999323
9.999999999999297
9.99999999999929
9.999999999999291
10.999999999999316
10.999999999999313
11.999999999999346
11.999999999999382
10.999999999999375
10.999999999999313
10.999999999999309
9.999999999999323
9.999999999999314
9.999999999999314
10.999999999999318
10.999999999999343
10.999999999999345
11.999999999999376
11.999999999999387
10.999999999999359
10.999999999999353
9.999999999999346
9.99999999999935
9.999999999999337
9.999999999999332
8.999999999999323
8.999999999999329
8.999999999999318
8.999999999999318
8.999999999999352
9.99999999999937
9.999999999999353
9.999999999999353
9.99999999999936
9.99999999999937
9.999999999999378
8.999999999999385
9.999999999999373
8.999999999999376
9.999999999999378
9.999999999999389
10.999999999999403
10.999999999999421
9.999999999999414
9.999999999999416
9.9999999999994
9.999999999999405
9.999999999999408
9.999999999999421
8.999999999999442
8.999999999999426
6.99999999999941
7.9999999999994165
6.99999999999941
6.999999999999412
7.999999999999396
7.999999999999399
8.999999999999396
8.99999999999942
8.999999999999366
7.999999999999366
7.9999999999993765
8.999999999999368
7.999999999999389
5.999999999999386
5.999999999999384
5.999999999999376
5.999999999999374
4.99999999999936
6.9999999999993605
6.999999999999363
7.999999999999359
7.9999999999993605
7.999999999999359
7.999999999999361
6.999999999999352
6.999999999999345
6.999999999999344
7.999999999999337
6.999999999999359
5.999999999999353
6.999999999999352
7.999999999999352
7.99999999999935
7.999999999999337
7.9999999999993365
6.999999999999348
6.999999999999355
6.99999999999936
6.9999999999993525
7.999999999999367
8.999999999999348
7.9999999999993445
7.999999999999321
8.999999999999304
8.999999999999284
8.999999999999282
8.999999999999279
7.999999999999283
9.999999999999277
7.999999999999261
8.999999999999275
9.999999999999272
10.999999999999218
10.999999999999227
10.999999999999222
9.99999999999923
9.999999999999217
9.99999999999922
9.999999999999236
10.999999999999254
9.99999999999925
9.999999999999247
9.999999999999256
9.999999999999266
9.999999999999275
9.999999999999275
9.99999999999928
9.999999999999265
10.999999999999245
10.999999999999266
10.999999999999275
10.999999999999277
10.999999999999279
9.999999999999307
8.999999999999302
8.999999999999302
8.999999999999332
7.99999999999932
7.999999999999308
9.999999999999295
9.999999999999305
9.999999999999332
8.999999999999334
8.999999999999334
7.999999999999334
8.999999999999341
8.999999999999341
7.999999999999331
6.9999999999993285
6.999999999999324
5.999999999999323
6.999999999999323
4.999999999999331
5.9999999999993285
5.999999999999341
7.999999999999344
8.999999999999334
8.999999999999341
6.9999999999993445
9.999999999999341
9.999999999999337
9.99999999999933
9.999999999999316
10.999999999999341
9.999999999999359
9.999999999999329
10.999999999999353
10.999999999999368
10.999999999999375
10.999999999999373
10.99999999999937
10.999999999999353
10.999999999999345
10.999999999999357
11.999999999999345
11.999999999999329
11.999999999999329
10.999999999999345
10.999999999999362
10.999999999999355
10.999999999999352
10.999999999999359
10.999999999999346
10.999999999999348
10.999999999999343
10.999999999999343
10.999999999999337
9.99999999999932
9.999999999999304
10.999999999999272
9.999999999999282
10.999999999999302
10.99999999999931
10.99999999999927
10.999999999999252
10.999999999999238
10.999999999999241
10.999999999999241
10.999999999999218
10.999999999999213
10.999999999999199
10.999999999999195
10.999999999999185
8.999999999999172
8.99999999999918
8.999999999999185
8.999999999999183
9.999999999999162
7.999999999999157
7.99999999999917
7.999999999999173
8.999999999999169
8.999999999999172
9.99999999999918
8.999999999999185
8.99999999999919
9.999999999999181
9.999999999999163
9.999999999999162
9.999999999999158
8.999999999999181
8.999999999999169
8.99999999999917
7.999999999999169
6.99999999999917
5.999999999999172
5.999999999999173
6.9999999999991696
6.9999999999991775
6.9999999999991775
7.999999999999164
7.999999999999165
7.9999999999991696
7.999999999999176
8.999999999999138
7.999999999999148
7.999999999999138
8.999999999999147
8.999999999999158
9.999999999999144
7.99999999999915
7.999999999999152
7.9999999999991624
8.99999999999915
8.99999999999916
8.99999999999915
8.999999999999165
9.999999999999167
9.999999999999169
9.999999999999154
10.999999999999151
10.999999999999158
10.999999999999146
10.999999999999163
10.999999999999158
9.999999999999174
10.999999999999185
9.999999999999185
8.999999999999176
8.999999999999158
7.9999999999991696
8.99999999999916
8.999999999999162
9.999999999999169
9.999999999999169
8.999999999999169
8.999999999999156
8.999999999999146
9.999999999999138
8.999999999999105
8.999999999999101
6.999999999999129
7.999999999999137
8.999999999999151
8.999999999999151
9.999999999999158
9.999999999999176
9.999999999999162
8.999999999999154
6.999999999999133
7.999999999999131
7.999999999999135
8.999999999999142
8.999999999999146
8.999999999999144
7.99999999999918
7.999999999999191
6.999999999999179
6.999999999999188
6.999999999999209
6.9999999999992
6.9999999999992
7.999999999999176
7.9999999999991696
7.999999999999169
7.99999999999916
7.999999999999156
7.99999999999916
7.999999999999166
6.999999999999174
6.99999999999918
8.99999999999916
8.999999999999151
7.9999999999991624
9.999999999999165
9.999999999999137
9.999999999999138
9.999999999999128
9.999999999999133
9.999999999999137
9.999999999999105
9.999999999999089
9.9999999999991
9.999999999999117
9.999999999999124
9.999999999999128
9.999999999999135
9.999999999999124
9.999999999999128
9.999999999999135
9.999999999999122
10.999999999999117
10.999999999999115
10.999999999999108
10.999999999999112
8.99999999999911
7.9999999999990905
7.999999999999065
7.999999999999065
6.999999999999053
6.999999999999055
6.9999999999990585
5.999999999999069
5.9999999999990665
5.9999999999990585
5.999999999999058
5.999999999999051
5.99999999999905
5.999999999999053
5.9999999999990665
6.999999999999066
6.999999999999072
7.999999999999073
8.999999999999076
7.999999999999106
7.999999999999101
8.999999999999108
8.999999999999137
8.999999999999162
9.999999999999151
9.999999999999144
9.999999999999146
9.999999999999165
10.999999999999185
10.999999999999188
9.999999999999194
9.999999999999197
10.999999999999192
10.999999999999194
10.999999999999188
10.999999999999183
10.999999999999222
9.999999999999217
10.99999999999921
9.999999999999233
11.99999999999924
11.99999999999923
10.999999999999178
10.999999999999151
10.999999999999162
10.999999999999162
11.999999999999158
11.99999999999916
11.999999999999156
11.999999999999154
10.999999999999165
11.999999999999151
12.99999999999917
12.999999999999181
12.999999999999154
12.999999999999169
12.999999999999176
11.999999999999176
11.999999999999146
10.999999999999142
10.999999999999138
9.99999999999915
10.999999999999156
10.999999999999162
10.999999999999137
10.999999999999144
10.999999999999147
10.999999999999137
10.999999999999147
10.999999999999154
10.999999999999151
11.999999999999165
10.999999999999151
10.999999999999147
10.999999999999137
10.999999999999153
9.999999999999169
8.999999999999176
9.999999999999172
9.999999999999162
9.999999999999147
10.99999999999914
10.999999999999133
10.99999999999914
10.999999999999138
10.999999999999146
10.999999999999158
10.999999999999146
11.999999999999172
11.999999999999165
11.999999999999181
9.999999999999188
9.999999999999195
9.999999999999192
9.999999999999186
9.999999999999199
9.999999999999188
9.999999999999186
8.999999999999217
8.999999999999233
8.999999999999218
6.999999999999219
6.99999999999922
7.999999999999213
7.999999999999215
7.999999999999224
7.999999999999195
8.999999999999176
8.999999999999169
9.99999999999915
9.999999999999147
9.999999999999142
9.99999999999911
9.999999999999126
9.999999999999126
9.999999999999131
9.999999999999142
9.999999999999147
9.999999999999153
9.999999999999137
7.999999999999152
7.999999999999146
8.99999999999915
7.999999999999149
7.9999999999991465
7.999999999999137
8.999999999999128
8.999999999999098
8.999999999999108
9.99999999999909
10.999999999999096
10.9999999999991
10.999999999999087
8.999999999999083
9.999999999999025
9.999999999998987
9.99999999999896
9.999999999998956
9.999999999998947
8.999999999998925
8.999999999998924
9.999999999998927
10.999999999998934
9.999999999998943
9.999999999998941
9.999999999998941
9.99999999999893
9.99999999999893
10.999999999998915
10.99999999999893
11.999999999998932
11.999999999998908
11.999999999998918
12.999999999998918
11.99999999999893
12.999999999998941
12.999999999998952
12.999999999998922
12.999999999998913
12.999999999998911
13.999999999998941
13.99999999999893
13.999999999998952
13.99999999999895
12.999999999998892
11.999999999998888
11.999999999998886
10.99999999999889
10.999999999998897
10.999999999998897
10.999999999998888
11.999999999998897
11.999999999998892
10.999999999998865
9.999999999998868
9.999999999998886
9.999999999998881
10.99999999999889
10.999999999998918
10.999999999998911
10.9999999999989
9.999999999998911
9.999999999998979
9.999999999998986
10.999999999998996
9.999999999998998
8.999999999999003
6.999999999999012
5.999999999999019
5.999999999999014
6.99999999999902
5.9999999999990274
6.9999999999990195
6.9999999999990195
8.999999999999016
8.999999999999035
8.999999999999067
8.999999999999076
8.99999999999908
8.999999999999085
8.999999999999089
8.999999999999083
8.999999999999078
8.999999999999078
8.999999999999075
8.99999999999906
7.999999999999065
7.999999999999063
8.99999999999906
8.999999999999085
7.999999999999075
8.999999999999087
9.999999999999075
9.999999999999075
9.999999999999082
9.99999999999906
9.99999999999907
9.999999999999082
9.999999999999087
9.999999999999085
9.999999999999087
8.999999999999078
8.999999999999087
8.999999999999096
8.999999999999096
8.999999999999106
8.999999999999094
8.99999999999912
8.999999999999115
8.999999999999105
8.999999999999108
8.999999999999131
8.999999999999128
8.999999999999131
8.999999999999117
6.999999999999152
6.9999999999991545
6.99999999999916
8.999999999999147
8.999999999999165
9.999999999999162
8.999999999999174
8.999999999999158
8.999999999999176
9.999999999999176
9.999999999999172
9.99999999999918
9.999999999999174
8.999999999999154
9.99999999999917
9.99999999999918
8.999999999999195
7.999999999999199
7.999999999999208
7.9999999999992095
7.9999999999992175
6.999999999999204
7.999999999999213
8.99999999999925
9.999999999999256
9.999999999999268
10.999999999999272
10.999999999999273
10.999999999999272
8.999999999999245
8.999999999999238
9.999999999999243
7.9999999999992335
8.999999999999241
8.999999999999234
8.999999999999218
8.99999999999922
7.999999999999215
7.999999999999224
7.999999999999215
6.999999999999212
6.999999999999221
6.999999999999235
6.999999999999241
6.999999999999247
6.999999999999241
6.999999999999234
5.999999999999234
5.9999999999992335
5.999999999999227
4.999999999999226
4.999999999999222
4.999999999999223
4.999999999999227
5.999999999999231
4.999999999999233
5.999999999999233
6.999999999999226
8.99999999999923
10.99999999999923
10.99999999999924
10.999999999999236
10.99999999999924
10.99999999999924
9.999999999999249
8.999999999999234
7.999999999999209
6.999999999999208
6.999999999999207
5.999999999999206
6.999999999999215
6.9999999999992095
5.999999999999216
6.999999999999215
6.999999999999208
6.9999999999992095
7.999999999999225
7.999999999999218
7.999999999999208
7.9999999999992
7.9999999999992095
7.99999999999919
8.999999999999188
7.999999999999219
6.999999999999218
5.999999999999218
6.999999999999221
6.999999999999223
7.9999999999992255
7.999999999999224
6.99999999999923
6.99999999999924
7.999999999999229
7.999999999999243
8.999999999999243
8.999999999999217
10.999999999999222
9.999999999999224
9.999999999999218
10.99999999999922
10.999999999999206
9.999999999999192
9.999999999999204
10.99999999999918
11.999999999999156
11.999999999999153
10.999999999999153
10.999999999999156
9.999999999999147
9.999999999999151
9.99999999999915
8.99999999999916
8.999999999999156
8.99999999999918
7.999999999999173
7.999999999999177
8.999999999999158
8.999999999999147
8.99999999999915
8.999999999999153
8.999999999999151
8.99999999999916
8.99999999999917
9.999999999999174
10.999999999999197
11.999999999999206
11.999999999999192
10.99999999999922
10.999999999999206
9.999999999999229
10.999999999999222
9.999999999999229
9.999999999999199
10.999999999999162
10.999999999999153
10.999999999999154
11.999999999999192
10.999999999999197
10.999999999999206
10.999999999999218
10.999999999999229
9.999999999999224
9.999999999999233
9.999999999999238
9.999999999999233
9.999999999999222
9.999999999999236
9.999999999999263
9.999999999999263
9.99999999999927
9.999999999999266
9.999999999999279
7.999999999999271
6.999999999999282
6.9999999999992735
6.999999999999272
6.999999999999267
6.999999999999263
3.9999999999992726
4.999999999999271
6.99999999999926
6.999999999999261
6.999999999999264
7.999999999999265
8.999999999999263
7.999999999999258
7.9999999999992735
7.999999999999269
9.999999999999265
9.999999999999288
9.99999999999929
8.999999999999266
8.99999999999928
8.999999999999268
8.999999999999261
8.999999999999243
8.999999999999266
7.99999999999926
7.999999999999238
7.99999999999922
7.999999999999203
5.999999999999213
6.99999999999922
6.999999999999224
6.999999999999227
4.999999999999227
4.99999999999923
5.999999999999234
6.999999999999239
8.999999999999265
9.999999999999275
8.999999999999254
7.99999999999926
7.999999999999271
9.999999999999247
9.999999999999229
8.999999999999236
7.999999999999231
7.999999999999234
7.999999999999231
8.999999999999229
8.999999999999236
6.999999999999235
6.999999999999228
5.999999999999218
8.999999999999213
8.999999999999224
8.99999999999925
8.999999999999265
8.999999999999252
7.999999999999244
9.999999999999249
8.99999999999927
9.99999999999926
9.999999999999256
8.999999999999245
8.99999999999927
8.999999999999256
8.999999999999257
8.999999999999297
10.999999999999337
11.999999999999357
7.999999999999372
8.999999999999355
8.999999999999352
7.999999999999349
7.999999999999346
7.999999999999377
6.9999999999993765
7.999999999999385
7.999999999999375
7.9999999999993605
8.999999999999352
8.999999999999385
10.999999999999382
11.999999999999398
11.99999999999939
12.99999999999938
12.9999999999994
11.99999999999941
11.999999999999423
11.999999999999417
11.999999999999437
11.999999999999423
12.999999999999407
12.999999999999403
11.999999999999392
11.999999999999389
11.999999999999392
11.999999999999366
9.999999999999385
9.999999999999348
9.999999999999348
9.99999999999934
10.99999999999936
10.999999999999362
10.999999999999382
10.999999999999382
10.99999999999938
10.999999999999382
9.999999999999384
9.999999999999389
8.999999999999376
8.999999999999378
8.999999999999371
7.99999999999935
9.999999999999343
9.999999999999343
9.99999999999933
9.999999999999334
9.999999999999318
9.999999999999321
9.999999999999318
9.999999999999329
9.99999999999937
9.999999999999373
9.999999999999382
7.999999999999403
7.999999999999395
7.9999999999994005
6.999999999999408
6.999999999999408
7.999999999999418
6.999999999999416
5.999999999999401
6.999999999999401
6.99999999999939
6.999999999999389
7.999999999999395
8.999999999999401
8.999999999999394
8.99999999999941
7.999999999999416
7.999999999999407
6.999999999999407
6.999999999999396
6.999999999999391
8.999999999999387
7.999999999999381
7.999999999999387
7.9999999999993925
6.9999999999994
6.9999999999994085
6.999999999999403
6.9999999999994
6.999999999999398
7.9999999999994
7.999999999999394
7.999999999999398
7.9999999999994
7.999999999999409
7.999999999999423
7.9999999999994085
6.999999999999421
6.999999999999422
7.999999999999423
7.999999999999421
7.999999999999416
7.999999999999439
7.999999999999448
8.999999999999448
7.99999999999944
7.999999999999451
8.999999999999464
8.999999999999472
9.999999999999494
9.999999999999497
8.999999999999481
6.999999999999458
5.999999999999466
6.999999999999471
6.999999999999469
6.999999999999464
7.999999999999453
6.999999999999455
5.999999999999458
5.999999999999458
5.999999999999458
5.999999999999457
4.99999999999945
3.9999999999994484
3.9999999999994382
4.999999999999442
7.999999999999428
6.999999999999419
6.999999999999419
6.999999999999421
6.999999999999423
7.999999999999429
7.99999999999941
7.999999999999409
7.99999999999942
7.999999999999415
7.999999999999417
7.9999999999994325
8.99999999999944
8.999999999999446
8.999999999999433
8.999999999999424
8.999999999999423
8.999999999999428
8.99999999999942
8.999999999999424
9.999999999999398
8.999999999999373
9.999999999999387
10.99999999999938
10.99999999999938
10.99999999999939
10.999999999999382
11.999999999999392
11.999999999999392
11.999999999999384
10.999999999999353
10.999999999999346
10.999999999999323
10.99999999999933
9.999999999999329
8.999999999999336
8.999999999999323
8.999999999999329
8.999999999999341
9.99999999999933
9.999999999999343
8.999999999999314
8.99999999999932
9.9999999999993
8.999999999999314
7.9999999999993205
8.99999999999931
8.999999999999316
8.999999999999334
7.999999999999319
7.999999999999318
7.999999999999305
7.9999999999993205
7.999999999999327
7.999999999999325
7.999999999999318
7.999999999999314
7.999999999999309
8.999999999999302
9.99999999999929
8.999999999999277
9.999999999999288
9.9999999999993
9.999999999999297
9.999999999999314
8.999999999999327
8.999999999999332
7.999999999999333
7.999999999999329
7.999999999999329
8.999999999999316
9.999999999999298
8.9999999999993
7.999999999999312
7.999999999999305
7.999999999999303
7.9999999999993125
7.999999999999311
7.999999999999317
7.99999999999931
6.999999999999305
6.999999999999302
6.9999999999992975
7.999999999999298
5.9999999999993054
6.999999999999306
6.999999999999317
6.999999999999326
6.99999999999933
7.9999999999993205
8.999999999999314
8.99999999999931
8.999999999999305
8.99999999999929
8.999999999999275
7.999999999999292
7.999999999999279
7.999999999999268
8.999999999999261
8.999999999999257
8.999999999999263
8.99999999999926
8.999999999999247
8.999999999999256
9.99999999999925
6.999999999999234
7.999999999999235
6.999999999999237
5.999999999999245
5.999999999999259
5.999999999999255
5.999999999999256
7.99999999999925
7.99999999999924
7.999999999999245
9.99999999999923
10.999999999999204
10.99999999999921
10.999999999999226
9.999999999999202
9.999999999999194
9.999999999999188
9.99999999999919
8.999999999999206
8.999999999999194
8.999999999999192
8.999999999999199
8.999999999999188
8.99999999999921
7.999999999999195
7.999999999999192
7.999999999999174
7.999999999999188
7.999999999999183
6.999999999999189
8.999999999999186
7.999999999999182
7.999999999999172
6.99999999999918
6.999999999999184
6.9999999999991775
6.999999999999166
7.999999999999188
7.999999999999183
7.999999999999183
8.999999999999178
8.999999999999185
8.999999999999183
8.999999999999185
8.99999999999918
9.999999999999181
9.999999999999181
9.999999999999188
8.999999999999163
8.99999999999918
9.99999999999919
9.9999999999992
8.999999999999197
7.999999999999186
7.999999999999188
7.999999999999192
6.999999999999195
6.9999999999991855
7.999999999999172
6.999999999999168
6.999999999999177
6.999999999999172
8.999999999999192
8.999999999999186
8.9999999999992
8.999999999999202
8.999999999999226
8.9999999999992
8.999999999999218
9.999999999999233
9.999999999999238
10.99999999999925
8.999999999999229
7.999999999999244
7.999999999999252
8.999999999999272
8.999999999999284
8.999999999999279
10.999999999999254
9.999999999999284
9.999999999999284
9.999999999999273
9.999999999999282
10.999999999999273
10.999999999999279
10.999999999999263
10.999999999999249
10.999999999999243
10.999999999999245
10.999999999999254
10.99999999999927
10.999999999999275
10.999999999999284
9.999999999999273
8.999999999999268
9.999999999999286
9.99999999999927
8.999999999999241
8.999999999999227
8.999999999999224
8.999999999999199
10.999999999999215
9.999999999999249
9.999999999999226
9.999999999999224
9.999999999999236
9.99999999999925
8.99999999999926
8.999999999999256
9.999999999999261
9.999999999999297
9.999999999999273
10.999999999999266
9.999999999999256
9.999999999999247
10.999999999999279
9.999999999999291
9.999999999999295
8.999999999999286
8.999999999999286
8.99999999999929
7.999999999999252
7.999999999999233
7.999999999999213
7.999999999999213
8.999999999999174
8.999999999999144
6.999999999999137
6.999999999999139
5.999999999999142
5.999999999999136
6.9999999999991465
6.9999999999991545
5.999999999999144
5.999999999999136
6.999999999999143
4.999999999999142
5.999999999999151
4.9999999999991545
4.999999999999156
4.999999999999158
5.999999999999153
7.999999999999157
7.999999999999155
7.999999999999151
6.999999999999131
6.9999999999991385
6.99999999999915
6.999999999999154
6.9999999999991465
6.999999999999144
6.999999999999142
7.999999999999131
7.999999999999132
7.999999999999145
7.999999999999147
8.999999999999147
7.999999999999167
5.999999999999159
5.999999999999169
5.999999999999161
5.99999999999916
6.9999999999991775
6.999999999999174
5.999999999999173
4.999999999999171
6.999999999999165
6.999999999999167
4.999999999999169
5.999999999999177
7.999999999999183
8.999999999999192
8.99999999999919
8.99999999999918
7.999999999999186
7.999999999999189
8.99999999999921
8.999999999999195
8.999999999999192
9.999999999999188
8.9999999999992
7.999999999999233
7.999999999999244
7.999999999999245
7.999999999999243
7.999999999999243
7.999999999999252
9.999999999999272
7.999999999999265
6.9999999999992655
7.999999999999266
7.999999999999267
7.999999999999263
7.999999999999268
7.9999999999992655
9.99999999999927
9.999999999999266
10.999999999999256
10.999999999999236
9.9999999999992
9.999999999999204
9.99999999999918
9.999999999999197
10.999999999999195
10.999999999999192
10.999999999999197
9.999999999999185
9.999999999999172
9.999999999999176
9.999999999999169
8.999999999999172
8.999999999999183
8.999999999999176
9.999999999999169
9.999999999999185
9.999999999999197
9.999999999999197
9.9999999999992
9.99999999999921
9.999999999999183
10.999999999999185
10.999999999999181
10.999999999999176
10.999999999999183
10.999999999999183
10.999999999999181
10.999999999999204
10.999999999999206
10.999999999999215
10.999999999999217
10.999999999999229
10.999999999999236
10.999999999999215
10.999999999999211
9.999999999999226
9.999999999999241
9.999999999999249
8.999999999999233
9.999999999999188
9.999999999999206
8.999999999999226
8.999999999999213
8.999999999999188
8.999999999999176
8.999999999999222
8.999999999999236
7.999999999999223
7.999999999999256
7.999999999999259
8.999999999999247
7.999999999999231
7.999999999999211
7.99999999999919
7.999999999999194
8.999999999999162
9.999999999999147
10.999999999999153
11.999999999999112
11.99999999999911
11.999999999999112
11.999999999999124
12.999999999999131
12.999999999999137
12.999999999999185
12.999999999999186
12.999999999999206
12.99999999999921
11.999999999999213
10.999999999999215
9.999999999999202
9.999999999999188
9.999999999999194
9.999999999999169
9.999999999999146
9.999999999999176
9.99999999999918
9.999999999999186
8.999999999999233
8.999999999999234
8.999999999999233
8.99999999999922
8.999999999999213
8.999999999999211
11.999999999999208
11.999999999999199
10.99999999999919
10.999999999999208
10.999999999999195
10.999999999999195
10.999999999999199
12.999999999999218
12.99999999999922
11.999999999999222
11.999999999999206
11.999999999999229
11.999999999999233
10.999999999999256
10.999999999999236
10.999999999999254
10.999999999999241
10.999999999999268
10.999999999999261
10.999999999999263
11.999999999999243
11.999999999999241
11.999999999999245
11.999999999999241
11.999999999999234
11.999999999999215
11.999999999999215
11.999999999999222
10.99999999999924
11.99999999999924
11.999999999999238
12.99999999999924
12.999999999999241
12.999999999999263
11.999999999999254
10.999999999999275
10.999999999999268
9.999999999999268
9.999999999999288
8.99999999999927
8.999999999999261
8.999999999999252
8.999999999999257
9.999999999999256
9.999999999999254
9.99999999999925
9.999999999999266
10.999999999999305
10.999999999999286
9.999999999999288
9.99999999999927
8.999999999999288
8.999999999999293
9.999999999999327
9.999999999999348
9.999999999999375
9.999999999999387
8.999999999999375
8.999999999999384
8.999999999999378
8.999999999999375
7.999999999999378
8.999999999999359
8.999999999999348
8.999999999999366
7.999999999999377
6.999999999999355
5.9999999999993525
5.999999999999356
6.999999999999359
5.999999999999356
5.999999999999353
5.999999999999347
5.999999999999351
5.9999999999993525
7.999999999999355
7.999999999999346
7.999999999999338
6.999999999999341
5.999999999999346
6.999999999999344
7.999999999999331
7.99999999999931
7.999999999999291
8.999999999999314
8.999999999999316
8.999999999999325
8.999999999999332
9.99999999999934
9.999999999999353
9.999999999999355
9.999999999999348
10.999999999999329
11.999999999999323
11.999999999999321
9.999999999999304
8.999999999999297
8.999999999999286
8.999999999999282
8.999999999999275
8.999999999999305
8.999999999999336
8.999999999999329
8.999999999999336
6.999999999999328
7.999999999999339
7.999999999999326
8.99999999999933
8.999999999999352
8.999999999999352
7.999999999999353
8.99999999999935
7.9999999999993205
7.999999999999332
8.99999999999932
7.9999999999993605
7.999999999999359
6.999999999999339
7.999999999999343
7.999999999999336
6.999999999999327
7.999999999999323
7.9999999999993125
8.999999999999309
8.999999999999323
8.999999999999337
8.999999999999318
7.9999999999993
8.999999999999297
7.9999999999992975
7.999999999999295
7.999999999999301
8.999999999999282
7.999999999999287
7.999999999999282
8.999999999999295
8.999999999999282
8.999999999999266
8.999999999999263
8.999999999999284
8.999999999999304
8.999999999999325
8.999999999999323
8.999999999999334
8.99999999999935
8.999999999999346
8.999999999999323
8.999999999999313
8.999999999999291
8.999999999999304
9.999999999999327
9.99999999999929
9.999999999999277
9.999999999999265
9.999999999999261
9.999999999999266
9.999999999999293
10.999999999999279
11.999999999999279
10.999999999999245
10.999999999999241
9.999999999999234
9.999999999999224
8.999999999999238
8.999999999999243
8.99999999999922
7.9999999999992175
7.999999999999204
8.999999999999215
6.999999999999215
7.999999999999206
7.999999999999232
7.999999999999234
7.99999999999924
7.999999999999253
7.999999999999251
7.999999999999261
7.999999999999257
7.999999999999276
7.999999999999275
7.999999999999264
7.99999999999927
7.99999999999929
7.999999999999279
8.999999999999279
9.999999999999316
10.99999999999931
9.999999999999298
9.999999999999307
9.99999999999932
10.999999999999321
10.999999999999337
10.99999999999934
10.999999999999341
10.999999999999341
11.999999999999336
10.999999999999316
10.999999999999314
10.999999999999321
10.99999999999932
11.999999999999305
10.999999999999316
9.999999999999334
9.999999999999336
9.999999999999334
10.999999999999343
10.99999999999935
10.99999999999935
9.999999999999321
9.999999999999304
10.999999999999318
11.99999999999934
11.999999999999389
11.99999999999941
11.99999999999942
12.999999999999428
11.999999999999435
11.999999999999426
11.999999999999426
11.999999999999439
11.999999999999462
11.99999999999945
11.999999999999435
11.999999999999426
10.999999999999432
11.999999999999439
11.999999999999465
12.999999999999472
12.999999999999467
12.999999999999467
12.999999999999464
12.999999999999487
12.999999999999487
12.99999999999948
12.999999999999494
12.999999999999494
13.999999999999506
13.999999999999504
13.999999999999524
13.99999999999954
13.999999999999565
13.999999999999574
13.999999999999568
12.999999999999579
12.999999999999568
12.999999999999572
12.999999999999561
12.999999999999547
12.999999999999543
12.99999999999955
12.99999999999955
11.99999999999956
10.999999999999568
10.999999999999547
10.999999999999506
11.999999999999508
11.99999999999953
11.99999999999953
11.999999999999517
11.999999999999526
11.999999999999519
11.999999999999496
11.999999999999485
11.999999999999474
12.999999999999503
12.999999999999503
11.999999999999497
10.999999999999503
10.999999999999508
10.999999999999508
10.999999999999499
9.999999999999476
9.999999999999478
9.99999999999947
9.999999999999469
9.999999999999448
9.999999999999426
8.999999999999421
8.999999999999465
7.999999999999454
6.999999999999459
6.999999999999455
7.999999999999462
8.999999999999497
9.99999999999948
9.999999999999474
8.999999999999485
8.999999999999496
8.99999999999949
7.999999999999476
7.999999999999465
8.99999999999945
7.999999999999445
7.999999999999446
7.9999999999994476
8.999999999999424
7.999999999999413
8.999999999999433
7.999999999999434
7.999999999999422
7.999999999999433
5.99999999999943
6.999999999999434
6.999999999999434
5.999999999999433
5.999999999999433
7.999999999999441
7.999999999999435
7.999999999999426
7.9999999999994245
7.999999999999412
7.999999999999411
6.999999999999392
6.9999999999994005
6.999999999999409
6.999999999999412
6.999999999999412
5.99999999999942
5.999999999999422
6.999999999999416
6.99999999999942
5.999999999999416
7.999999999999409
7.999999999999415
7.999999999999405
7.999999999999406
7.999999999999397
6.999999999999381
6.999999999999381
6.999999999999375
6.999999999999377
6.999999999999387
6.99999999999938
4.999999999999384
4.999999999999383
4.999999999999389
4.999999999999394
5.999999999999392
3.999999999999393
3.999999999999388
4.999999999999391
5.999999999999387
5.9999999999993845
3.9999999999993863
4.999999999999379
5.999999999999385
5.999999999999383
6.999999999999385
5.999999999999385
6.9999999999993925
6.9999999999994
6.999999999999389
6.99999999999939
5.999999999999391
5.999999999999387
4.999999999999383
6.9999999999993765
6.999999999999378
6.99999999999938
6.999999999999387
6.999999999999385
7.999999999999383
7.99999999999938
7.99999999999938
7.999999999999375
6.999999999999363
9.999999999999368
9.99999999999937
9.999999999999378
9.999999999999362
8.99999999999937
8.999999999999384
8.99999999999939
10.999999999999416
9.999999999999414
8.999999999999398
8.999999999999392
8.999999999999417
6.999999999999427
6.999999999999422
6.9999999999994245
6.999999999999421
6.99999999999943
6.999999999999449
7.999999999999447
8.999999999999448
9.999999999999432
9.99999999999943
10.999999999999432
9.999999999999432
8.999999999999389
8.999999999999376
7.999999999999377
7.999999999999371
8.99999999999937
8.999999999999385
9.999999999999389
8.999999999999392
9.999999999999364
9.99999999999936
9.999999999999353
9.99999999999934
9.999999999999325
9.999999999999329
8.999999999999313
8.999999999999304
8.999999999999305
7.999999999999326
7.999999999999326
8.999999999999304
8.999999999999302
8.999999999999307
8.999999999999298
6.9999999999992895
6.999999999999293
7.999999999999285
7.999999999999302
6.999999999999286
4.999999999999283
4.999999999999276
4.999999999999271
3.9999999999992695
2.999999999999272
3.99999999999927
5.999999999999267
5.999999999999269
5.999999999999269
5.999999999999273
7.999999999999284
7.999999999999278
7.999999999999265
6.999999999999264
6.999999999999257
7.999999999999259
7.999999999999275
7.9999999999992655
7.999999999999252
8.999999999999252
9.99999999999926
9.999999999999247
9.999999999999234
9.999999999999213
9.999999999999211
9.999999999999213
11.999999999999234
11.999999999999234
11.999999999999247
11.999999999999243
10.999999999999234
9.99999999999918
8.999999999999186
8.999999999999186
8.999999999999222
8.999999999999222
9.999999999999233
9.99999999999924
10.999999999999249
10.999999999999234
10.999999999999236
10.99999999999925
10.999999999999254
10.999999999999249
10.999999999999254
12.999999999999277
12.999999999999268
12.999999999999282
11.99999999999929
12.999999999999293
11.999999999999282
11.999999999999279
11.999999999999282
11.999999999999272
11.999999999999275
12.999999999999286
12.999999999999275
12.999999999999282
12.999999999999277
13.999999999999284
13.99999999999929
13.999999999999279
13.999999999999302
13.999999999999298
13.999999999999286
13.999999999999275
13.999999999999277
13.999999999999304
13.999999999999336
13.999999999999341
13.99999999999937
13.999999999999371
14.999999999999375
15.999999999999376
15.999999999999387
15.999999999999387
15.999999999999416
15.999999999999417
15.999999999999465
15.999999999999469
15.999999999999469
15.99999999999948
15.999999999999485
15.999999999999469
16.99999999999941
16.99999999999942
17.99999999999941
16.999999999999403
16.99999999999939
15.999999999999426
15.999999999999433
15.999999999999437
15.999999999999424
14.999999999999428
14.999999999999426
15.99999999999945
15.999999999999444
13.999999999999424
12.999999999999371
12.999999999999376
11.999999999999362
11.999999999999364
11.999999999999359
11.99999999999937
11.999999999999373
11.999999999999382
11.99999999999939
12.99999999999938
12.999999999999387
12.999999999999394
12.999999999999384
12.999999999999385
12.99999999999937
12.999999999999366
12.999999999999368
12.999999999999366
11.999999999999376
11.999999999999366
11.999999999999353
11.99999999999934
11.999999999999336
11.999999999999359
11.999999999999352
11.99999999999936
12.99999999999939
12.999999999999385
11.99999999999938
11.99999999999935
10.999999999999327
10.999999999999341
10.99999999999933
11.999999999999309
10.999999999999348
10.999999999999321
10.999999999999316
10.999999999999318
10.999999999999316
10.999999999999336
10.999999999999313
10.999999999999318
10.999999999999309
10.999999999999323
11.999999999999288
11.999999999999284
11.999999999999279
10.999999999999318
11.999999999999327
11.999999999999325
11.999999999999332
11.999999999999352
11.999999999999357
9.999999999999332
9.999999999999304
9.999999999999297
9.999999999999309
9.999999999999346
9.99999999999934
9.999999999999325
8.999999999999329
8.999999999999337
8.999999999999346
8.999999999999362
8.999999999999355
8.999999999999357
8.99999999999935
8.999999999999359
9.999999999999373
9.999999999999368
9.99999999999935
9.999999999999343
9.999999999999337
9.999999999999334
8.999999999999359
8.999999999999364
8.999999999999359
8.999999999999364
8.999999999999353
8.999999999999346
8.999999999999346
7.999999999999343
7.999999999999337
8.99999999999933
7.999999999999284
7.999999999999275
7.999999999999275
7.999999999999282
7.999999999999286
8.99999999999927
8.999999999999252
8.99999999999926
8.999999999999272
8.999999999999261
9.999999999999288
9.999999999999286
8.999999999999325
9.999999999999307
9.999999999999309
9.999999999999297
10.999999999999352
11.999999999999359
10.99999999999935
9.999999999999385
9.999999999999337
8.999999999999332
9.999999999999321
9.999999999999323
9.999999999999332
9.999999999999341
9.999999999999343
9.999999999999329
9.999999999999325
8.999999999999302
8.999999999999343
6.999999999999351
6.999999999999344
8.999999999999337
8.99999999999932
7.999999999999337
7.999999999999328
7.999999999999323
7.999999999999342
7.999999999999342
6.99999999999934
5.999999999999334
5.999999999999343
6.999999999999342
5.9999999999993445
6.999999999999346
6.999999999999366
6.999999999999371
6.9999999999993685
6.999999999999372
6.999999999999363
6.9999999999993605
6.999999999999368
6.999999999999356
6.999999999999352
6.999999999999356
6.9999999999993605
7.999999999999373
8.999999999999355
6.999999999999339
6.999999999999337
6.999999999999328
4.999999999999324
2.9999999999993276
4.999999999999322
4.99999999999932
4.999999999999319
4.999999999999312
5.999999999999315
6.99999999999932
7.999999999999336
7.999999999999343
7.999999999999384
6.999999999999396
6.9999999999994005
7.999999999999404
6.999999999999404
7.999999999999396
8.999999999999394
8.99999999999941
7.999999999999385
7.999999999999365
8.999999999999373
7.999999999999386
7.999999999999392
7.999999999999393
7.999999999999384
7.999999999999382
6.999999999999408
6.999999999999406
6.9999999999994085
7.99999999999941
7.999999999999416
9.999999999999403
9.999999999999382
9.999999999999378
9.999999999999394
8.999999999999407
7.999999999999423
7.999999999999422
7.9999999999994165
7.999999999999412
7.999999999999409
7.999999999999415
7.999999999999432
8.999999999999424
8.999999999999412
9.999999999999432
7.999999999999457
7.999999999999451
8.999999999999439
8.999999999999446
8.999999999999435
8.999999999999448
8.99999999999945
9.999999999999472
8.999999999999488
8.999999999999503
8.999999999999527
7.99999999999953
7.999999999999536
7.999999999999541
7.999999999999544
7.9999999999995595
7.9999999999995675
7.999999999999569
5.999999999999586
7.999999999999571
8.999999999999597
8.999999999999604
9.999999999999604
9.999999999999599
7.999999999999593
7.999999999999583
7.999999999999565
7.999999999999572
7.9999999999995595
5.99999999999954
4.999999999999535
5.999999999999547
4.999999999999551
5.999999999999548
6.999999999999539
6.999999999999543
7.999999999999547
7.9999999999995515
8.999999999999572
8.999999999999584
8.999999999999593
9.999999999999602
9.999999999999611
9.999999999999622
8.999999999999611
8.999999999999593
8.9999999999996
8.999999999999623
9.99999999999962
10.999999999999616
10.99999999999961
10.999999999999606
10.999999999999588
10.999999999999607
9.999999999999584
9.999999999999575
9.999999999999563
9.99999999999956
9.999999999999554
9.999999999999547
9.999999999999547
10.999999999999574
10.99999999999958
10.999999999999563
9.999999999999572
9.999999999999591
9.999999999999599
9.999999999999593
9.999999999999622
9.999999999999595
8.999999999999602
8.999999999999588
8.999999999999584
9.99999999999957
9.999999999999579
9.999999999999579
8.999999999999599
7.999999999999597
7.999999999999596
7.999999999999583
8.999999999999586
7.999999999999563
7.999999999999562
6.999999999999559
6.999999999999564
8.999999999999549
7.999999999999532
9.99999999999953
9.999999999999542
9.999999999999547
9.999999999999556
9.999999999999563
8.999999999999579
8.999999999999574
8.999999999999575
8.999999999999575
8.999999999999568
9.999999999999568
7.999999999999547
7.999999999999558
8.999999999999558
8.999999999999545
8.99999999999954
8.999999999999549
7.999999999999548
7.999999999999571
7.999999999999534
8.999999999999533
8.999999999999531
7.999999999999523
7.999999999999531
8.999999999999524
7.999999999999524
7.999999999999525
7.99999999999953
7.999999999999537
7.999999999999533
7.99999999999953
8.999999999999513
7.99999999999953
6.99999999999954
6.999999999999524
7.999999999999527
7.999999999999522
7.999999999999506
7.9999999999995035
7.999999999999491
7.999999999999494
7.9999999999995
7.9999999999994875
7.9999999999994875
8.999999999999503
7.999999999999527
9.999999999999494
10.999999999999527
10.999999999999536
10.999999999999556
10.99999999999955
10.999999999999542
9.999999999999572
9.999999999999554
10.999999999999629
10.999999999999625
10.999999999999638
10.999999999999655
9.999999999999657
10.999999999999645
9.999999999999648
10.999999999999645
10.99999999999963
10.999999999999636
11.999999999999666
11.999999999999678
11.99999999999967
11.99999999999967
11.999999999999671
11.99999999999968
11.999999999999664
11.999999999999666
11.99999999999968
11.999999999999698
11.999999999999693
11.999999999999728
11.999999999999744
11.999999999999757
11.99999999999976
11.999999999999769
11.999999999999767
11.999999999999766
11.999999999999769
11.999999999999753
11.999999999999744
11.999999999999744
11.999999999999751
10.999999999999734
11.999999999999716
10.999999999999707
10.999999999999735
9.999999999999657
8.999999999999662
7.9999999999996545
6.999999999999661
8.999999999999645
7.999999999999638
7.999999999999643
7.999999999999639
8.99999999999964
8.999999999999652
8.999999999999664
9.99999999999967
8.999999999999664
8.99999999999967
8.999999999999666
7.999999999999692
7.999999999999679
7.999999999999686
8.999999999999664
6.999999999999671
6.9999999999996785
6.999999999999678
7.999999999999692
7.999999999999689
7.9999999999997105
7.999999999999695
8.999999999999698
6.999999999999685
6.999999999999678
6.999999999999672
6.999999999999668
6.999999999999677
7.999999999999669
8.99999999999967
8.999999999999678
7.99999999999967
6.999999999999671
6.999999999999673
6.999999999999673
4.999999999999656
4.99999999999965
4.999999999999652
4.999999999999658
5.999999999999673
5.99999999999969
5.999999999999693
6.9999999999996945
6.999999999999704
6.999999999999697
8.99999999999969
7.999999999999709
7.99999999999971
7.999999999999712
7.999999999999703
7.999999999999699
7.9999999999996945
8.999999999999698
8.999999999999707
8.999999999999712
8.999999999999716
8.99999999999971
8.99999999999968
7.999999999999689
8.999999999999678
8.999999999999662
8.99999999999968
8.999999999999693
8.999999999999671
7.999999999999654
8.999999999999666
8.99999999999964
8.999999999999645
9.999999999999641
8.999999999999629
7.999999999999627
7.99999999999963
9.999999999999602
9.999999999999599
9.999999999999632
9.999999999999623
9.999999999999622
9.999999999999613
10.999999999999607
10.999999999999607
11.999999999999611
11.999999999999618
11.999999999999625
12.999999999999615
12.999999999999622
12.999999999999574
12.999999999999586
12.999999999999584
12.999999999999565
12.999999999999579
12.999999999999579
11.99999999999958
11.999999999999597
11.999999999999597
10.999999999999599
9.99999999999961
9.999999999999615
