-34.5882352941176521 -37.0588235294117609 -69.1764705882352757 -29.6470588235294024 -32.1176470588235290 -65.4705882352941160 -29.6470588235294095 -37.0588235294117609 -56.8235294117647101 -33.3529411764705870 -28.4117647058823550 -24.7058823529411775 -39.5294117647058769 -34.5882352941176379 -41.9999999999999858 -33.3529411764705799 -48.1764705882352899 -33.3529411764705799 -60.5294117647058769 -58.0588235294117538 -25.9411764705882320
-23.4705882352941124 -23.4705882352941160 -24.7058823529411704 -56.8235294117646959 -22.2352941176470580 -28.4117647058823550 -80.2941176470588118 -20.9999999999999964 -7.4117647058823524 -44.4705882352941160 -18.5294117647058769 -11.1176470588235272 -30.8823529411764639 -44.4705882352941160 -75.3529411764705799 -42.0000000000000000 -38.2941176470588189 -54.3529411764705870 -23.4705882352941160 -35.8235294117646959 -27.1764705882352935
-22.2352941176470580 -66.7058823529411598 -38.2941176470588189 -18.5294117647058769 -48.1764705882352899 -14.8235294117647012 -76.5882352941176521 -90.1764705882352899 -27.1764705882352864 -20.9999999999999964 -29.6470588235294130 -13.5882352941176467 -30.8823529411764639 -43.2352941176470509 -43.2352941176470580 -19.7647058823529385 -48.1764705882352899 -27.1764705882352970 -30.8823529411764639 -34.5882352941176450 -39.5294117647058769
-18.5294117647058769 -32.1176470588235219 -24.7058823529411740 -25.9411764705882320 -66.7058823529411740 -27.1764705882352935 -37.0588235294117680 -55.5882352941176450 -22.2352941176470544 -49.4117647058823408 -24.7058823529411775 -32.1176470588235219 -34.5882352941176450 -34.5882352941176379 -20.9999999999999964 -30.8823529411764639 -54.3529411764705870 -19.7647058823529385 -27.1764705882352935 -27.1764705882352935 -30.8823529411764710
-38.2941176470588260 -35.8235294117647101 -49.4117647058823479 -22.2352941176470544 -40.7647058823529349 -48.1764705882352828 -38.2941176470588189 -23.4705882352941089 -20.9999999999999964 -39.5294117647058769 -39.5294117647058698 -40.7647058823529349 -28.4117647058823550 -12.3529411764705870 -14.8235294117647065 -35.8235294117647030 -22.2352941176470580 -20.9999999999999964 -20.9999999999999964 -24.7058823529411775 -32.1176470588235219
-35.8235294117647030 -20.9999999999999964 -33.3529411764705870 -30.8823529411764710 -20.9999999999999964 -43.2352941176470580 -43.2352941176470509 -37.0588235294117609 -24.7058823529411775 -23.4705882352941089 -19.7647058823529385 -44.4705882352941160 -20.9999999999999929 -29.6470588235294095 -24.7058823529411775 -33.3529411764705870 -23.4705882352941124 -33.3529411764705799 -33.3529411764705799 -18.5294117647058769 -16.0588235294117645
-27.1764705882352935 -32.1176470588235219 -27.1764705882352864 -39.5294117647058769 -40.7647058823529420 -30.8823529411764710 -18.5294117647058769 -40.7647058823529349 -18.5294117647058769 -38.2941176470588260 -49.4117647058823408 -33.3529411764705870 -9.8823529411764692 -29.6470588235294024 -13.5882352941176467 -24.7058823529411704 -34.5882352941176450 -45.7058823529411740 -46.9411764705882248 -23.4705882352941124 -43.2352941176470580
-29.6470588235294095 -34.5882352941176450 -50.6470588235294130 -33.3529411764705870 -40.7647058823529278 -21.0000000000000000 -49.4117647058823408 -49.4117647058823408 -37.0588235294117609 -37.0588235294117609 -49.4117647058823408 -34.5882352941176379 -12.3529411764705852 -66.7058823529411740 -51.8823529411764639 -20.9999999999999929 -25.9411764705882320 -38.2941176470588189 -38.2941176470588189 -29.6470588235294095 -25.9411764705882248
-23.4705882352941160 -65.4705882352941160 -40.7647058823529420 -39.5294117647058769 -37.0588235294117538 -27.1764705882352935 -25.9411764705882320 -27.1764705882352935 -29.6470588235294095 -16.0588235294117609 -23.4705882352941089 -23.4705882352941089 -27.1764705882352935 -44.4705882352941089 -35.8235294117646959 -30.8823529411764710 -38.2941176470588260 -38.2941176470588189 -41.9999999999999929 -33.3529411764705870 -29.6470588235294095
-30.8823529411764710 -25.9411764705882320 -33.3529411764705870 -39.5294117647058769 -32.1176470588235219 -23.4705882352941089 -16.0588235294117609 -22.2352941176470544 -27.1764705882352935 -25.9411764705882320 -12.3529411764705852 -33.3529411764705870 -28.4117647058823479 -30.8823529411764639 -29.6470588235294095 -34.5882352941176379 -32.1176470588235290 -35.8235294117647030 -45.7058823529411740 -32.1176470588235290 -67.9411764705882177
-34.5882352941176379 -18.5294117647058769 -27.1764705882352935 -45.7058823529411740 -82.7647058823529420 -25.9411764705882248 -40.7647058823529420 -24.7058823529411704 -28.4117647058823479 -37.0588235294117538 -37.0588235294117538 -18.5294117647058769 -50.6470588235294059 -41.9999999999999929 -59.2941176470588189 -24.7058823529411704 -27.1764705882352935 -33.3529411764705870 -39.5294117647058769 -22.2352941176470544 -19.7647058823529385
-33.3529411764705941 -40.7647058823529349 -17.2941176470588225 -21.0000000000000000 -35.8235294117647101 -29.6470588235294095 -24.7058823529411704 -23.4705882352941124 -23.4705882352941160 -29.6470588235294130 -44.4705882352941089 -32.1176470588235290 -38.2941176470588189 -24.7058823529411775 -39.5294117647058840 -28.4117647058823550 -24.7058823529411704 -38.2941176470588189 -33.3529411764705870 -25.9411764705882320 -25.9411764705882320
-25.9411764705882320 -22.2352941176470544 -29.6470588235294095 -19.7647058823529349 -30.8823529411764710 -34.5882352941176379 -35.8235294117647101 -24.7058823529411704 -13.5882352941176432 -40.7647058823529349 -29.6470588235294024 -30.8823529411764639 -27.1764705882352970 -39.5294117647058769 -48.1764705882352899 -16.0588235294117609 -44.4705882352941089 -34.5882352941176379 -19.7647058823529349 -24.7058823529411740 -34.5882352941176379
-30.8823529411764710 -39.5294117647058769 -30.8823529411764710 -56.8235294117646816 -38.2941176470588260 -17.2941176470588225 -53.1176470588235219 -33.3529411764705870 -32.1176470588235219 -24.7058823529411704 -58.0588235294117467 -38.2941176470588260 -49.4117647058823550 -28.4117647058823550 -33.3529411764705941 -45.7058823529411740 -24.7058823529411740 -38.2941176470588189 -32.1176470588235219 -51.8823529411764639 -25.9411764705882248
-23.4705882352941160 -24.7058823529411704 -38.2941176470588260 -40.7647058823529349 -20.9999999999999929 -27.1764705882352935 -46.9411764705882320 -12.3529411764705870 -29.6470588235294095 -22.2352941176470544 -30.8823529411764639 -30.8823529411764639 -35.8235294117647101 -23.4705882352941089 -49.4117647058823479 -32.1176470588235219 -35.8235294117647030 -37.0588235294117538 -28.4117647058823550 -49.4117647058823550 -45.7058823529411740
-27.1764705882352935 -20.9999999999999964 -59.2941176470588189 -51.8823529411764639 -32.1176470588235290 -34.5882352941176450 -32.1176470588235219 -9.8823529411764692 -60.5294117647058698 -22.2352941176470544 -34.5882352941176521 -20.9999999999999929 -32.1176470588235219 -20.9999999999999929 -39.5294117647058769 -37.0588235294117680 -32.1176470588235290 -35.8235294117647030 -12.3529411764705852 -27.1764705882352935 -56.8235294117646959
-40.7647058823529349 -23.4705882352941089 -33.3529411764705870 -43.2352941176470580 -37.0588235294117609 -37.0588235294117609 -34.5882352941176450 -33.3529411764705870 -14.8235294117647012 -34.5882352941176450 -41.9999999999999929 -25.9411764705882320 -12.3529411764705852 -28.4117647058823550 -20.9999999999999964 -28.4117647058823479 -22.2352941176470544 -25.9411764705882320 -22.2352941176470509 -28.4117647058823408 -28.4117647058823479
-29.6470588235294095 -35.8235294117647030 -38.2941176470588189 -23.4705882352941160 -23.4705882352941160 -23.4705882352941089 -33.3529411764705870 -40.7647058823529278 -50.6470588235294059 -40.7647058823529420 -32.1176470588235290 -54.3529411764705870 -24.7058823529411704 -32.1176470588235219 -53.1176470588235219 -20.9999999999999929 -22.2352941176470544 -21.0000000000000000 -34.5882352941176450 -14.8235294117647047 -41.9999999999999929
-37.0588235294117538 -27.1764705882352864 -32.1176470588235290 -20.9999999999999964 -20.9999999999999964 -61.7647058823529420 -48.1764705882352899 -37.0588235294117609 -54.3529411764705870 -64.2352941176470438 -25.9411764705882320 -38.2941176470588260 -35.8235294117647101 -17.2941176470588189 -16.0588235294117609 -46.9411764705882391 -29.6470588235294130 -18.5294117647058769 -45.7058823529411598 -76.5882352941176237 -30.8823529411764710
-45.7058823529411740 -74.1176470588235361 -45.7058823529411740 -50.6470588235294059 -33.3529411764705870 -32.1176470588235219 -40.7647058823529420 -12.3529411764705852 -22.2352941176470580 -45.7058823529411740 -27.1764705882352935 -28.4117647058823550 -34.5882352941176450 -18.5294117647058805 -20.9999999999999964 -46.9411764705882320 -20.9999999999999964 -24.7058823529411740 -21.0000000000000000 -56.8235294117646959 -35.8235294117646959
-16.0588235294117609 -46.9411764705882320 -51.8823529411764639 -33.3529411764705870 -16.0588235294117609 -58.0588235294117680 -65.4705882352941160 -25.9411764705882320 -20.9999999999999964 -49.4117647058823550 -35.8235294117647030 -24.7058823529411704 -23.4705882352941089 -27.1764705882352864 -46.9411764705882248 -23.4705882352941124 -54.3529411764705870 -50.6470588235294059 -44.4705882352941160 -33.3529411764705870 -22.2352941176470544
-38.2941176470588189 -65.4705882352941160 -32.1176470588235290 -23.4705882352941089 -43.2352941176470580 -46.9411764705882391 -61.7647058823529278 -19.7647058823529349 -13.5882352941176432 -54.3529411764705728 -25.9411764705882320 -14.8235294117647047 -32.1176470588235219 -19.7647058823529385 -16.0588235294117609 -24.7058823529411740 -49.4117647058823550 -35.8235294117646959 -48.1764705882352899 -43.2352941176470580 -34.5882352941176379
-42.0000000000000000 -44.4705882352941089 -37.0588235294117609 -28.4117647058823479 -32.1176470588235219 -56.8235294117646959 -39.5294117647058698 -12.3529411764705852 -24.7058823529411704 -46.9411764705882320 -27.1764705882352935 -19.7647058823529385 -38.2941176470588260 -13.5882352941176467 -11.1176470588235272 -45.7058823529411740 -67.9411764705882320 -16.0588235294117645 -35.8235294117647101 -29.6470588235294095 -19.7647058823529385
-51.8823529411764639 -45.7058823529411740 -25.9411764705882391 -32.1176470588235219 -37.0588235294117609 -27.1764705882352935 -39.5294117647058769 -50.6470588235294059 -19.7647058823529385 -29.6470588235294130 -35.8235294117646959 -29.6470588235294095 -37.0588235294117538 -21.0000000000000000 -50.6470588235294059 -33.3529411764705870 -38.2941176470588189 -30.8823529411764710 -39.5294117647058769 -25.9411764705882320 -48.1764705882352899
-25.9411764705882320 -50.6470588235294059 -25.9411764705882320 -25.9411764705882320 -33.3529411764705870 -23.4705882352941124 -34.5882352941176379 -35.8235294117646959 -14.8235294117647012 -9.8823529411764692 -35.8235294117647030 -67.9411764705882320 -29.6470588235294130 -22.2352941176470544 -23.4705882352941124 -37.0588235294117609 -46.9411764705882177 -35.8235294117647101 -19.7647058823529349 -27.1764705882352864 -38.2941176470588260
-20.9999999999999929 -28.4117647058823550 -27.1764705882352935 -25.9411764705882320 -22.2352941176470580 -27.1764705882352935 -35.8235294117647101 -39.5294117647058769 -43.2352941176470580 -23.4705882352941160 -33.3529411764705870 -60.5294117647058698 -41.9999999999999929 -64.2352941176470580 -16.0588235294117609 -44.4705882352941089 -41.9999999999999858 -45.7058823529411740 -29.6470588235294024 -33.3529411764705799 -45.7058823529411740
-29.6470588235294095 -23.4705882352941124 -27.1764705882352864 -24.7058823529411740 -25.9411764705882320 -11.1176470588235290 -27.1764705882352935 -20.9999999999999964 -44.4705882352941089 -28.4117647058823550 -25.9411764705882248 -37.0588235294117538 -39.5294117647058698 -67.9411764705882320 -35.8235294117647030 -45.7058823529411740 -30.8823529411764639 -39.5294117647058769 -21.0000000000000000 -32.1176470588235219 -48.1764705882352899
-56.8235294117647101 -33.3529411764705870 -29.6470588235294095 -29.6470588235294095 -12.3529411764705852 -24.7058823529411740 -18.5294117647058805 -28.4117647058823479 -40.7647058823529420 -33.3529411764705870 -24.7058823529411704 -42.0000000000000000 -16.0588235294117609 -88.9411764705882320 -35.8235294117647030 -20.9999999999999964 -18.5294117647058769 -37.0588235294117609 -39.5294117647058769 -37.0588235294117609 -46.9411764705882320
-34.5882352941176379 -30.8823529411764710 -34.5882352941176450 -17.2941176470588225 -33.3529411764705870 -34.5882352941176450 -25.9411764705882391 -25.9411764705882391 -37.0588235294117609 -46.9411764705882320 -32.1176470588235290 -41.9999999999999929 -25.9411764705882320 -30.8823529411764710 -23.4705882352941160 -19.7647058823529385 -42.0000000000000000 -29.6470588235294095 -30.8823529411764710 -32.1176470588235219 -35.8235294117647101
-32.1176470588235219 -37.0588235294117609 -53.1176470588235148 -28.4117647058823479 -43.2352941176470580 -38.2941176470588189 -32.1176470588235290 -35.8235294117647030 -30.8823529411764710 -48.1764705882352828 -37.0588235294117609 -9.8823529411764692 -8.6470588235294112 -33.3529411764705870 -23.4705882352941124 -48.1764705882352899 -85.2352941176470722 -60.5294117647058698 -30.8823529411764639 -60.5294117647058769 -63.0000000000000000
-34.5882352941176450 -39.5294117647058769 -27.1764705882352935 -35.8235294117646959 -43.2352941176470509 -23.4705882352941160 -28.4117647058823550 -29.6470588235294095 -34.5882352941176379 -29.6470588235294095 -41.9999999999999929 -44.4705882352941089 -24.7058823529411704 -33.3529411764705870 -28.4117647058823550 -30.8823529411764639 -66.7058823529411740 -50.6470588235294130 -55.5882352941176450 -27.1764705882352864 -48.1764705882352899
-69.1764705882352899 -44.4705882352941160 -33.3529411764705870 -45.7058823529411740 -51.8823529411764639 -8.6470588235294112 -65.4705882352941160 -46.9411764705882177 -8.6470588235294112 -32.1176470588235290 -55.5882352941176379 -66.7058823529411740 -53.1176470588235219 -44.4705882352941160 -18.5294117647058805 -72.8823529411764639 -28.4117647058823479 -51.8823529411764781 -24.7058823529411704 -33.3529411764705870 -32.1176470588235219
-40.7647058823529349 -53.1176470588235219 -34.5882352941176450 -54.3529411764705870 -43.2352941176470509 -35.8235294117647101 -29.6470588235294024 -27.1764705882352935 -14.8235294117647047 -45.7058823529411598 -46.9411764705882320 -54.3529411764705728 -43.2352941176470580 -76.5882352941176521 -25.9411764705882320 -23.4705882352941089 -53.1176470588235148 -34.5882352941176450 -20.9999999999999929 -19.7647058823529385 -14.8235294117647047
-40.7647058823529349 -20.9999999999999929 -45.7058823529411740 -41.9999999999999929 -42.0000000000000000 -39.5294117647058698 -44.4705882352941231 -42.0000000000000000 -38.2941176470588189 -46.9411764705882320 -44.4705882352941089 -54.3529411764705941 -24.7058823529411704 -41.9999999999999858 -18.5294117647058769 -29.6470588235294095 -25.9411764705882320 -32.1176470588235219 -23.4705882352941124 -51.8823529411764639 -14.8235294117647047
-38.2941176470588189 -24.7058823529411704 -33.3529411764705870 -35.8235294117646959 -39.5294117647058698 -40.7647058823529420 -53.1176470588235219 -30.8823529411764710 -46.9411764705882320 -33.3529411764705870 -62.9999999999999858 -69.1764705882352757 -44.4705882352941089 -28.4117647058823479 -24.7058823529411740 -21.0000000000000000 -33.3529411764705870 -33.3529411764705870 -28.4117647058823479 -27.1764705882352935 -33.3529411764705870
-35.8235294117647030 -28.4117647058823479 -29.6470588235294095 -38.2941176470588260 -87.7058823529411882 -58.0588235294117538 -28.4117647058823408 -34.5882352941176450 -28.4117647058823408 -79.0588235294117823 -30.8823529411764568 -43.2352941176470509 -45.7058823529411598 -38.2941176470588189 -25.9411764705882248 -16.0588235294117609 -37.0588235294117609 -25.9411764705882320 -24.7058823529411740 -33.3529411764705870 -14.8235294117647047
-28.4117647058823479 -35.8235294117646959 -34.5882352941176450 -33.3529411764705870 -65.4705882352941160 -51.8823529411764639 -20.9999999999999964 -46.9411764705882462 -30.8823529411764639 -55.5882352941176592 -28.4117647058823479 -44.4705882352941089 -34.5882352941176379 -48.1764705882352899 -48.1764705882352899 -38.2941176470588189 -38.2941176470588260 -23.4705882352941160 -28.4117647058823479 -21.0000000000000000 -14.8235294117647047
-29.6470588235294095 -30.8823529411764639 -45.7058823529411740 -32.1176470588235290 -32.1176470588235219 -43.2352941176470509 -18.5294117647058805 -43.2352941176470509 -46.9411764705882391 -16.0588235294117609 -41.9999999999999929 -24.7058823529411775 -44.4705882352941089 -32.1176470588235290 -58.0588235294117538 -42.0000000000000000 -35.8235294117646959 -60.5294117647058698 -43.2352941176470580 -20.9999999999999964 -14.8235294117647012
-44.4705882352941160 -43.2352941176470509 -32.1176470588235219 -18.5294117647058805 -18.5294117647058769 -45.7058823529411740 -30.8823529411764639 -29.6470588235294095 -34.5882352941176450 -22.2352941176470580 -35.8235294117647101 -53.1176470588235219 -25.9411764705882320 -43.2352941176470580 -37.0588235294117609 -70.4117647058823479 -28.4117647058823479 -40.7647058823529349 -28.4117647058823550 -19.7647058823529385 -29.6470588235294095
-39.5294117647058698 -32.1176470588235219 -34.5882352941176450 -39.5294117647058698 -34.5882352941176379 -58.0588235294117467 -45.7058823529411740 -46.9411764705882320 -25.9411764705882320 -9.8823529411764692 -77.8235294117647101 -76.5882352941176521 -32.1176470588235219 -23.4705882352941195 -25.9411764705882320 -35.8235294117647101 -56.8235294117646959 -33.3529411764705870 -37.0588235294117538 -40.7647058823529349 -44.4705882352941089
-53.1176470588235219 -38.2941176470588260 -16.0588235294117609 -39.5294117647058769 -24.7058823529411775 -40.7647058823529420 -37.0588235294117680 -34.5882352941176450 -37.0588235294117609 -35.8235294117647030 -40.7647058823529349 -46.9411764705882248 -25.9411764705882320 -34.5882352941176379 -61.7647058823529420 -53.1176470588235219 -58.0588235294117538 -38.2941176470588189 -51.8823529411764781 -19.7647058823529385 -35.8235294117647101
-28.4117647058823479 -20.9999999999999964 -24.7058823529411704 -39.5294117647058769 -39.5294117647058769 -37.0588235294117609 -33.3529411764705870 -18.5294117647058769 -25.9411764705882320 -30.8823529411764639 -34.5882352941176450 -43.2352941176470580 -63.0000000000000000 -34.5882352941176450 -43.2352941176470580 -44.4705882352941160 -58.0588235294117538 -25.9411764705882320 -29.6470588235294095 -53.1176470588235219 -19.7647058823529349
-33.3529411764705870 -54.3529411764705870 -29.6470588235294130 -50.6470588235294059 -27.1764705882352935 -22.2352941176470544 -40.7647058823529420 -17.2941176470588189 -50.6470588235294059 -28.4117647058823550 -23.4705882352941089 -32.1176470588235219 -33.3529411764705870 -23.4705882352941124 -37.0588235294117538 -37.0588235294117680 -37.0588235294117609 -22.2352941176470580 -33.3529411764705941 -35.8235294117647101 -45.7058823529411740
-33.3529411764705870 -30.8823529411764639 -28.4117647058823479 -32.1176470588235290 -23.4705882352941160 -39.5294117647058769 -58.0588235294117538 -62.9999999999999858 -25.9411764705882320 -19.7647058823529349 -20.9999999999999929 -25.9411764705882320 -20.9999999999999929 -22.2352941176470544 -28.4117647058823479 -39.5294117647058769 -27.1764705882352864 -20.9999999999999964 -37.0588235294117609 -23.4705882352941089 -20.9999999999999964
-25.9411764705882320 -33.3529411764705870 -18.5294117647058805 -22.2352941176470544 -40.7647058823529420 -34.5882352941176379 -28.4117647058823550 -59.2941176470588260 -17.2941176470588225 -66.7058823529411740 -44.4705882352941160 -28.4117647058823479 -24.7058823529411704 -25.9411764705882320 -28.4117647058823479 -37.0588235294117538 -32.1176470588235219 -40.7647058823529420 -56.8235294117647101 -45.7058823529411740 -48.1764705882352899
-30.8823529411764746 -35.8235294117647030 -28.4117647058823479 -30.8823529411764639 -25.9411764705882320 -37.0588235294117609 -34.5882352941176450 -54.3529411764705728 -20.9999999999999929 -40.7647058823529420 -16.0588235294117609 -28.4117647058823550 -25.9411764705882320 -50.6470588235293917 -34.5882352941176379 -34.5882352941176379 -27.1764705882352935 -33.3529411764705870 -43.2352941176470509 -17.2941176470588189 -50.6470588235294059
-33.3529411764705941 -33.3529411764705799 -22.2352941176470615 -25.9411764705882320 -37.0588235294117538 -25.9411764705882320 -45.7058823529411740 -55.5882352941176379 -53.1176470588235148 -59.2941176470588189 -37.0588235294117538 -45.7058823529411740 -44.4705882352941089 -33.3529411764705870 -29.6470588235294024 -24.7058823529411740 -43.2352941176470509 -19.7647058823529385 -34.5882352941176521 -34.5882352941176450 -48.1764705882352899
-48.1764705882352899 -28.4117647058823479 -33.3529411764705799 -33.3529411764705870 -22.2352941176470509 -17.2941176470588225 -18.5294117647058769 -27.1764705882352864 -17.2941176470588189 -23.4705882352941160 -42.0000000000000000 -39.5294117647058769 -43.2352941176470509 -33.3529411764705870 -34.5882352941176450 -37.0588235294117609 -35.8235294117647101 -60.5294117647058769 -30.8823529411764710 -40.7647058823529420 -40.7647058823529420
-19.7647058823529385 -37.0588235294117538 -21.0000000000000000 -71.6470588235294059 -23.4705882352941160 -25.9411764705882320 -6.1764705882352935 -43.2352941176470509 -35.8235294117647030 -28.4117647058823479 -53.1176470588235219 -27.1764705882352935 -37.0588235294117752 -45.7058823529411740 -33.3529411764705870 -17.2941176470588189 -71.6470588235294059 -39.5294117647058769 -29.6470588235294130 -64.2352941176470438 -37.0588235294117538
-19.7647058823529385 -37.0588235294117609 -53.1176470588235219 -38.2941176470588189 -50.6470588235294059 -51.8823529411764639 -34.5882352941176379 -58.0588235294117538 -50.6470588235294059 -71.6470588235293917 -59.2941176470588047 -29.6470588235294095 -44.4705882352941089 -35.8235294117647030 -34.5882352941176379 -33.3529411764705870 -33.3529411764705870 -56.8235294117647101 -13.5882352941176432 -43.2352941176470580 -32.1176470588235219
-28.4117647058823550 -39.5294117647058840 -41.9999999999999929 -33.3529411764705870 -38.2941176470588260 -12.3529411764705888 -40.7647058823529278 -28.4117647058823408 -66.7058823529411598 -65.4705882352941160 -30.8823529411764710 -33.3529411764705799 -23.4705882352941160 -44.4705882352941089 -18.5294117647058769 -55.5882352941176450 -23.4705882352941089 -43.2352941176470438 -33.3529411764705870 -25.9411764705882320 -27.1764705882352935
-27.1764705882352935 -25.9411764705882248 -27.1764705882352864 -24.7058823529411740 -34.5882352941176379 -25.9411764705882320 -30.8823529411764710 -54.3529411764705870 -64.2352941176470722 -39.5294117647058769 -51.8823529411764639 -66.7058823529411882 -27.1764705882352864 -37.0588235294117609 -28.4117647058823479 -20.9999999999999929 -43.2352941176470509 -35.8235294117646959 -37.0588235294117680 -20.9999999999999929 -25.9411764705882320
-44.4705882352941089 -35.8235294117647030 -27.1764705882352935 -25.9411764705882320 -28.4117647058823479 -55.5882352941176379 -17.2941176470588189 -39.5294117647058840 -60.5294117647058698 -34.5882352941176379 -33.3529411764705941 -55.5882352941176379 -34.5882352941176521 -27.1764705882352935 -19.7647058823529385 -30.8823529411764639 -33.3529411764705870 -34.5882352941176379 -32.1176470588235290 -43.2352941176470509 -38.2941176470588189
-46.9411764705882177 -27.1764705882352935 -25.9411764705882320 -25.9411764705882320 -8.6470588235294112 -24.7058823529411704 -37.0588235294117680 -40.7647058823529349 -59.2941176470588260 -20.9999999999999964 -39.5294117647058769 -30.8823529411764639 -59.2941176470588189 -23.4705882352941089 -28.4117647058823550 -35.8235294117647030 -37.0588235294117538 -46.9411764705882248 -19.7647058823529349 -53.1176470588235219 -59.2941176470588260
-54.3529411764705728 -41.9999999999999929 -44.4705882352941160 -46.9411764705882248 -24.7058823529411740 -24.7058823529411775 -42.0000000000000000 -35.8235294117647101 -44.4705882352941160 -35.8235294117647101 -67.9411764705882320 -28.4117647058823550 -51.8823529411764639 -34.5882352941176450 -43.2352941176470580 -30.8823529411764746 -37.0588235294117538 -66.7058823529411882 -40.7647058823529349 -43.2352941176470509 -29.6470588235294095
-25.9411764705882320 -49.4117647058823408 -30.8823529411764639 -25.9411764705882320 -40.7647058823529420 -37.0588235294117609 -46.9411764705882320 -50.6470588235294130 -67.9411764705882462 -33.3529411764705870 -41.9999999999999858 -32.1176470588235290 -34.5882352941176450 -12.3529411764705852 -23.4705882352941124 -30.8823529411764639 -38.2941176470588189 -32.1176470588235219 -41.9999999999999858 -41.9999999999999929 -28.4117647058823479
-28.4117647058823550 -14.8235294117647065 -33.3529411764705870 -35.8235294117646959 -32.1176470588235219 -48.1764705882352899 -64.2352941176470438 -61.7647058823529420 -12.3529411764705852 -86.4705882352941302 -37.0588235294117609 -24.7058823529411704 -48.1764705882352899 -20.9999999999999929 -9.8823529411764692 -33.3529411764705870 -32.1176470588235290 -50.6470588235294059 -50.6470588235294059 -17.2941176470588189 -25.9411764705882320
-32.1176470588235290 -28.4117647058823550 -39.5294117647058769 -38.2941176470588260 -93.8823529411764497 -51.8823529411764639 -51.8823529411764639 -59.2941176470588189 -14.8235294117647047 -84.0000000000000142 -24.7058823529411704 -30.8823529411764639 -30.8823529411764639 -23.4705882352941160 -34.5882352941176379 -37.0588235294117609 -30.8823529411764710 -66.7058823529411740 -38.2941176470588260 -23.4705882352941160 -35.8235294117647101
-30.8823529411764710 -33.3529411764705870 -48.1764705882352899 -32.1176470588235361 -39.5294117647058769 -65.4705882352941160 -49.4117647058823550 -42.0000000000000000 -30.8823529411764710 -37.0588235294117538 -32.1176470588235219 -54.3529411764705870 -40.7647058823529420 -40.7647058823529349 -35.8235294117647101 -38.2941176470588189 -24.7058823529411704 -45.7058823529411740 -40.7647058823529420 -19.7647058823529385 -30.8823529411764639
-30.8823529411764639 -28.4117647058823479 -39.5294117647058769 -24.7058823529411775 -25.9411764705882320 -62.9999999999999858 -32.1176470588235219 -39.5294117647058840 -34.5882352941176450 -28.4117647058823479 -54.3529411764705728 -48.1764705882352828 -38.2941176470588260 -40.7647058823529420 -39.5294117647058769 -28.4117647058823479 -38.2941176470588189 -22.2352941176470580 -30.8823529411764639 -24.7058823529411740 -38.2941176470588189
-27.1764705882352864 -40.7647058823529420 -32.1176470588235219 -46.9411764705882320 -51.8823529411764639 -53.1176470588235219 -19.7647058823529420 -23.4705882352941160 -25.9411764705882320 -18.5294117647058805 -46.9411764705882248 -39.5294117647058840 -41.9999999999999929 -43.2352941176470580 -17.2941176470588225 -22.2352941176470580 -23.4705882352941195 -18.5294117647058805 -17.2941176470588225 -34.5882352941176379 -35.8235294117647101
-19.7647058823529385 -43.2352941176470580 -34.5882352941176379 -38.2941176470588189 -44.4705882352941089 -30.8823529411764710 -13.5882352941176467 -42.0000000000000000 -30.8823529411764710 -35.8235294117646959 -28.4117647058823479 -29.6470588235294095 -43.2352941176470580 -42.0000000000000000 -27.1764705882352935 -40.7647058823529349 -92.6470588235294059 -55.5882352941176379 -22.2352941176470580 -49.4117647058823408 -43.2352941176470580
-38.2941176470588260 -32.1176470588235219 -34.5882352941176379 -22.2352941176470544 -18.5294117647058769 -35.8235294117647101 -25.9411764705882320 -48.1764705882352899 -35.8235294117647030 -14.8235294117647012 -33.3529411764705799 -24.7058823529411775 -40.7647058823529420 -33.3529411764705870 -30.8823529411764639 -44.4705882352941089 -24.7058823529411704 -34.5882352941176450 -35.8235294117647101 -54.3529411764705728 -19.7647058823529385
-40.7647058823529349 -28.4117647058823550 -37.0588235294117609 -51.8823529411764639 -30.8823529411764710 -24.7058823529411740 -18.5294117647058840 -45.7058823529411811 -32.1176470588235219 -35.8235294117647101 -51.8823529411764639 -18.5294117647058769 -19.7647058823529385 -50.6470588235294059 -25.9411764705882320 -12.3529411764705870 -37.0588235294117680 -29.6470588235294095 -34.5882352941176450 -37.0588235294117680 -76.5882352941176379
-34.5882352941176450 -30.8823529411764710 -30.8823529411764710 -41.9999999999999929 -30.8823529411764710 -28.4117647058823479 -23.4705882352941160 -44.4705882352941089 -38.2941176470588189 -16.0588235294117609 -88.9411764705882177 -34.5882352941176450 -34.5882352941176379 -86.4705882352941160 -24.7058823529411775 -23.4705882352941089 -34.5882352941176450 -33.3529411764705870 -22.2352941176470544 -25.9411764705882320 -24.7058823529411704
-34.5882352941176450 -11.1176470588235272 -45.7058823529411740 -64.2352941176470580 -32.1176470588235219 -46.9411764705882320 -14.8235294117647012 -69.1764705882352899 -43.2352941176470509 -13.5882352941176432 -82.7647058823529420 -40.7647058823529420 -24.7058823529411704 -70.4117647058823479 -79.0588235294117680 -12.3529411764705888 -18.5294117647058805 -33.3529411764705870 -30.8823529411764710 -32.1176470588235290 -35.8235294117647030
-22.2352941176470580 -21.0000000000000000 -40.7647058823529420 -23.4705882352941124 -30.8823529411764710 -24.7058823529411704 -25.9411764705882320 -60.5294117647058769 -43.2352941176470580 -23.4705882352941160 -56.8235294117646816 -43.2352941176470509 -39.5294117647058840 -70.4117647058823479 -48.1764705882352899 -23.4705882352941160 -25.9411764705882320 -54.3529411764705728 -32.1176470588235219 -43.2352941176470580 -44.4705882352941160
-64.2352941176470438 -38.2941176470588260 -40.7647058823529420 -22.2352941176470544 -41.9999999999999929 -24.7058823529411704 -33.3529411764705799 -29.6470588235294095 -33.3529411764705870 -13.5882352941176467 -38.2941176470588260 -54.3529411764705870 -61.7647058823529420 -37.0588235294117538 -23.4705882352941089 -33.3529411764705870 -40.7647058823529349 -35.8235294117647030 -43.2352941176470509 -41.9999999999999929 -49.4117647058823479
-64.2352941176470438 -11.1176470588235272 -19.7647058823529385 -50.6470588235294059 -33.3529411764705870 -24.7058823529411775 -32.1176470588235219 -27.1764705882352935 -53.1176470588235148 -66.7058823529411740 -37.0588235294117609 -37.0588235294117609 -24.7058823529411775 -20.9999999999999964 -25.9411764705882320 -24.7058823529411775 -23.4705882352941089 -11.1176470588235272 -18.5294117647058805 -29.6470588235294095 -29.6470588235294130
-49.4117647058823550 -17.2941176470588189 -50.6470588235294130 -20.9999999999999929 -24.7058823529411775 -37.0588235294117609 -27.1764705882352935 -43.2352941176470580 -44.4705882352941089 -67.9411764705882320 -35.8235294117647030 -34.5882352941176450 -22.2352941176470544 -28.4117647058823550 -45.7058823529411740 -25.9411764705882320 -16.0588235294117609 -33.3529411764705870 -34.5882352941176450 -55.5882352941176450 -51.8823529411764497
-48.1764705882352899 -23.4705882352941089 -41.9999999999999929 -27.1764705882352864 -39.5294117647058769 -19.7647058823529385 -22.2352941176470544 -24.7058823529411669 -27.1764705882352935 -53.1176470588235219 -46.9411764705882248 -37.0588235294117609 -23.4705882352941160 -23.4705882352941160 -24.7058823529411775 -25.9411764705882320 -35.8235294117646959 -17.2941176470588225 -38.2941176470588260 -45.7058823529411740 -23.4705882352941160
-28.4117647058823550 -49.4117647058823479 -49.4117647058823479 -42.0000000000000071 -39.5294117647058911 -28.4117647058823479 -23.4705882352941160 -19.7647058823529385 -64.2352941176470580 -39.5294117647058769 -40.7647058823529349 -32.1176470588235290 -27.1764705882352864 -29.6470588235294095 -29.6470588235294095 -33.3529411764705799 -32.1176470588235219 -37.0588235294117609 -32.1176470588235219 -56.8235294117646959 -38.2941176470588189
-25.9411764705882320 -40.7647058823529420 -42.0000000000000000 -18.5294117647058805 -38.2941176470588189 -51.8823529411764639 -22.2352941176470544 -16.0588235294117609 -24.7058823529411740 -40.7647058823529420 -24.7058823529411704 -23.4705882352941160 -30.8823529411764639 -25.9411764705882320 -29.6470588235294095 -43.2352941176470580 -28.4117647058823479 -22.2352941176470509 -30.8823529411764710 -24.7058823529411704 -32.1176470588235290
-14.8235294117647047 -22.2352941176470544 -19.7647058823529385 -28.4117647058823550 -45.7058823529411740 -59.2941176470588260 -44.4705882352941018 -43.2352941176470580 -42.0000000000000000 -29.6470588235294130 -38.2941176470588260 -37.0588235294117609 -61.7647058823529278 -29.6470588235294095 -49.4117647058823408 -19.7647058823529349 -19.7647058823529385 -30.8823529411764639 -46.9411764705882320 -38.2941176470588189 -29.6470588235294095
-27.1764705882352970 -39.5294117647058769 -45.7058823529411740 -32.1176470588235219 -76.5882352941176379 -90.1764705882352757 -23.4705882352941089 -23.4705882352941124 -29.6470588235294095 0.0000000000000000 -39.5294117647058769 -24.7058823529411704 -67.9411764705882320 -37.0588235294117538 -43.2352941176470580 -41.9999999999999929 -34.5882352941176379 -39.5294117647058769 -29.6470588235294130 -20.9999999999999964 -50.6470588235294059
-20.9999999999999964 -39.5294117647058769 -18.5294117647058805 -30.8823529411764639 -25.9411764705882320 -67.9411764705882320 -39.5294117647058769 -18.5294117647058769 -19.7647058823529349 -18.5294117647058805 -29.6470588235294095 -39.5294117647058769 -43.2352941176470509 -38.2941176470588118 -35.8235294117646959 -14.8235294117647012 -32.1176470588235219 -49.4117647058823479 -29.6470588235294095 -30.8823529411764639 -43.2352941176470509
-18.5294117647058769 -40.7647058823529420 -49.4117647058823550 -33.3529411764705870 -18.5294117647058769 -27.1764705882352935 -43.2352941176470509 -22.2352941176470544 -11.1176470588235272 -41.9999999999999929 -38.2941176470588189 -38.2941176470588189 -37.0588235294117538 -24.7058823529411704 -32.1176470588235290 -37.0588235294117538 -35.8235294117646959 -35.8235294117646959 -23.4705882352941124 -22.2352941176470544 -44.4705882352941089
-38.2941176470588189 -62.9999999999999858 -39.5294117647058769 -46.9411764705882177 -20.9999999999999964 -28.4117647058823479 -35.8235294117646959 -45.7058823529411740 -25.9411764705882320 -14.8235294117647047 -20.9999999999999929 -72.8823529411764639 -28.4117647058823550 -50.6470588235294059 -82.7647058823529278 -53.1176470588235219 -53.1176470588235219 -53.1176470588235361 -60.5294117647058769 -30.8823529411764710 -30.8823529411764639
-60.5294117647058698 -45.7058823529411598 -29.6470588235294095 -24.7058823529411669 -25.9411764705882320 -37.0588235294117538 -39.5294117647058769 -18.5294117647058769 -34.5882352941176450 -51.8823529411764639 -18.5294117647058769 -30.8823529411764710 -39.5294117647058769 -46.9411764705882320 -75.3529411764705799 -27.1764705882352970 -34.5882352941176450 -46.9411764705882320 -33.3529411764705870 -46.9411764705882320 -30.8823529411764710
-41.9999999999999858 -32.1176470588235290 -16.0588235294117609 -11.1176470588235272 -22.2352941176470544 -44.4705882352941160 -11.1176470588235272 -34.5882352941176450 -35.8235294117646959 -59.2941176470588047 -43.2352941176470509 -25.9411764705882320 -53.1176470588235148 -8.6470588235294112 -12.3529411764705888 -17.2941176470588189 -55.5882352941176379 -30.8823529411764639 -28.4117647058823550 -24.7058823529411704 -40.7647058823529349
-25.9411764705882320 -39.5294117647058840 -27.1764705882352935 -50.6470588235294059 -30.8823529411764639 -44.4705882352941160 -30.8823529411764710 -41.9999999999999929 -35.8235294117647030 -38.2941176470588189 -34.5882352941176379 -33.3529411764705799 -27.1764705882352864 -18.5294117647058769 -38.2941176470588189 -61.7647058823529420 -29.6470588235294095 -18.5294117647058805 -33.3529411764705870 -24.7058823529411704 -30.8823529411764710
-32.1176470588235219 -58.0588235294117538 -9.8823529411764692 -46.9411764705882320 -37.0588235294117609 -18.5294117647058805 -29.6470588235294095 -27.1764705882352864 -28.4117647058823550 -33.3529411764705799 -37.0588235294117538 -38.2941176470588189 -28.4117647058823479 -37.0588235294117609 -28.4117647058823550 -28.4117647058823479 -22.2352941176470544 -29.6470588235294130 -29.6470588235294095 -29.6470588235294095 -27.1764705882352935
-23.4705882352941124 -38.2941176470588260 -65.4705882352941160 -22.2352941176470580 -29.6470588235294095 -18.5294117647058769 -24.7058823529411669 -12.3529411764705852 -33.3529411764705870 -34.5882352941176379 -43.2352941176470580 -58.0588235294117538 -72.8823529411764497 -48.1764705882352899 -37.0588235294117538 -22.2352941176470544 -23.4705882352941160 -41.9999999999999929 -29.6470588235294095 -43.2352941176470580 -38.2941176470588189
-45.7058823529411598 -25.9411764705882320 -46.9411764705882391 -29.6470588235294095 -38.2941176470588189 -35.8235294117647101 -58.0588235294117538 -27.1764705882352935 -30.8823529411764639 -42.0000000000000000 -30.8823529411764710 -58.0588235294117538 -38.2941176470588189 -24.7058823529411704 -64.2352941176470438 -11.1176470588235272 -20.9999999999999964 -45.7058823529411740 -28.4117647058823550 -28.4117647058823479 -21.0000000000000000
-46.9411764705882320 -41.9999999999999929 -23.4705882352941089 -30.8823529411764639 -33.3529411764705870 -34.5882352941176521 -14.8235294117647047 -34.5882352941176450 -64.2352941176470580 -28.4117647058823550 -21.0000000000000000 -34.5882352941176450 -28.4117647058823550 -38.2941176470588260 -41.9999999999999929 -41.9999999999999929 -24.7058823529411740 -49.4117647058823479 -43.2352941176470509 -19.7647058823529385 -17.2941176470588189
-30.8823529411764639 -46.9411764705882320 -23.4705882352941195 -20.9999999999999964 -38.2941176470588260 -40.7647058823529349 -11.1176470588235272 -23.4705882352941089 -62.9999999999999858 -12.3529411764705870 -13.5882352941176432 -35.8235294117647101 -12.3529411764705852 -37.0588235294117680 -25.9411764705882320 -37.0588235294117609 -48.1764705882352828 -29.6470588235294095 -35.8235294117647030 -28.4117647058823479 -41.9999999999999929
-16.0588235294117609 -43.2352941176470509 -17.2941176470588225 -44.4705882352941089 -37.0588235294117609 -35.8235294117646959 -25.9411764705882320 -28.4117647058823408 -20.9999999999999929 -42.0000000000000000 -54.3529411764705870 -14.8235294117647047 -43.2352941176470509 -51.8823529411764639 -27.1764705882352935 -22.2352941176470544 -43.2352941176470580 -29.6470588235294095 -27.1764705882352935 -18.5294117647058769 -29.6470588235294024
-45.7058823529411740 -25.9411764705882391 -43.2352941176470580 -19.7647058823529385 -41.9999999999999929 -25.9411764705882320 -55.5882352941176237 -28.4117647058823550 -54.3529411764705870 -29.6470588235294095 -35.8235294117647030 -46.9411764705882320 -50.6470588235294059 -22.2352941176470580 -37.0588235294117609 -37.0588235294117538 -43.2352941176470580 -30.8823529411764710 -32.1176470588235290 -19.7647058823529385 -30.8823529411764710
-51.8823529411764639 -43.2352941176470509 -29.6470588235294095 -46.9411764705882320 -33.3529411764705870 -38.2941176470588189 -39.5294117647058769 -39.5294117647058698 -59.2941176470588189 -20.9999999999999929 -43.2352941176470509 -76.5882352941176521 -41.9999999999999858 -12.3529411764705870 -28.4117647058823550 -22.2352941176470544 -33.3529411764705870 -33.3529411764705870 -27.1764705882352935 -30.8823529411764710 -35.8235294117646959
-23.4705882352941195 -48.1764705882352899 -30.8823529411764710 -24.7058823529411704 -18.5294117647058769 -32.1176470588235219 -43.2352941176470509 -66.7058823529411740 -51.8823529411764497 -24.7058823529411704 -32.1176470588235219 -64.2352941176470580 -33.3529411764705870 -24.7058823529411704 -56.8235294117646959 -46.9411764705882320 -35.8235294117647030 -81.5294117647058840 -43.2352941176470509 -39.5294117647058769 -29.6470588235294095
-33.3529411764705870 -32.1176470588235290 -42.0000000000000000 -23.4705882352941195 -18.5294117647058805 -33.3529411764705799 -41.9999999999999929 -35.8235294117646959 -56.8235294117646959 -38.2941176470588189 -35.8235294117647101 -51.8823529411764639 -32.1176470588235219 -16.0588235294117609 -33.3529411764705870 -33.3529411764705870 -39.5294117647058769 -48.1764705882352899 -45.7058823529411740 -28.4117647058823550 -48.1764705882352828
-65.4705882352941160 -23.4705882352941160 -49.4117647058823408 -34.5882352941176450 -30.8823529411764639 -45.7058823529411740 -48.1764705882352899 -46.9411764705882320 -75.3529411764705799 -77.8235294117647101 -49.4117647058823408 -12.3529411764705852 -49.4117647058823408 -24.7058823529411704 -37.0588235294117609 -45.7058823529411598 -45.7058823529411740 -18.5294117647058769 -25.9411764705882320 -60.5294117647058698 -56.8235294117647101
-39.5294117647058840 -29.6470588235294095 -18.5294117647058769 -39.5294117647058698 -37.0588235294117609 -35.8235294117647101 -39.5294117647058769 -40.7647058823529349 -27.1764705882352864 -38.2941176470588189 -33.3529411764705870 -30.8823529411764639 -43.2352941176470509 -30.8823529411764746 -37.0588235294117609 -39.5294117647058769 -61.7647058823529420 -71.6470588235294201 -35.8235294117647030 -29.6470588235294095 -91.4117647058823479
-25.9411764705882320 -37.0588235294117609 -41.9999999999999929 -38.2941176470588189 -34.5882352941176450 -25.9411764705882320 -21.0000000000000000 -58.0588235294117538 -41.9999999999999929 -25.9411764705882320 -85.2352941176470438 -29.6470588235294095 -44.4705882352941089 -27.1764705882352935 -23.4705882352941089 -45.7058823529411740 -48.1764705882352828 -69.1764705882352899 -30.8823529411764639 -27.1764705882352935 -69.1764705882352899
-33.3529411764705870 -44.4705882352941089 -39.5294117647058769 -25.9411764705882320 -46.9411764705882320 -29.6470588235294130 -28.4117647058823408 -23.4705882352941124 -37.0588235294117680 -40.7647058823529278 -17.2941176470588189 -22.2352941176470509 -64.2352941176470438 -54.3529411764705870 -38.2941176470588189 -17.2941176470588225 -20.9999999999999964 -35.8235294117646959 -22.2352941176470544 -32.1176470588235219 -32.1176470588235219
-24.7058823529411775 -39.5294117647058769 -34.5882352941176450 -33.3529411764705870 -28.4117647058823550 -22.2352941176470580 -33.3529411764705870 -54.3529411764705870 -54.3529411764705870 -43.2352941176470509 -30.8823529411764639 -24.7058823529411669 -38.2941176470588260 -40.7647058823529420 -24.7058823529411704 -38.2941176470588189 -27.1764705882352935 -33.3529411764705870 -35.8235294117647101 -59.2941176470588260 -20.9999999999999964
-17.2941176470588189 -28.4117647058823479 -33.3529411764705941 -17.2941176470588225 -7.4117647058823524 -22.2352941176470544 -50.6470588235294059 -20.9999999999999929 -27.1764705882352864 -34.5882352941176379 -49.4117647058823408 -12.3529411764705852 -19.7647058823529420 -33.3529411764705799 -44.4705882352941089 -20.9999999999999964 -59.2941176470588047 -51.8823529411764639 -30.8823529411764639 -28.4117647058823479 -16.0588235294117609
-16.0588235294117609 -40.7647058823529420 -27.1764705882352935 -30.8823529411764710 -38.2941176470588189 -35.8235294117647030 -25.9411764705882320 -27.1764705882352935 -13.5882352941176432 -42.0000000000000000 -40.7647058823529420 -33.3529411764705870 -23.4705882352941089 -30.8823529411764639 -37.0588235294117609 -17.2941176470588189 -40.7647058823529420 -59.2941176470588189 -61.7647058823529420 -48.1764705882352899 -33.3529411764705870
-34.5882352941176450 -51.8823529411764639 -38.2941176470588189 -37.0588235294117538 -24.7058823529411669 -33.3529411764705870 -8.6470588235294112 -48.1764705882352899 -18.5294117647058805 -39.5294117647058840 -13.5882352941176432 -50.6470588235294059 -28.4117647058823550 -32.1176470588235219 -18.5294117647058805 -14.8235294117647047 -24.7058823529411775 -54.3529411764705870 -60.5294117647058769 -58.0588235294117538 -39.5294117647058769
-25.9411764705882320 -30.8823529411764710 -32.1176470588235219 -16.0588235294117609 -33.3529411764705941 -72.8823529411764497 -20.9999999999999929 -23.4705882352941124 -13.5882352941176467 -32.1176470588235219 -41.9999999999999929 -14.8235294117647047 -23.4705882352941160 -35.8235294117646959 -17.2941176470588189 -25.9411764705882320 -32.1176470588235290 -13.5882352941176432 -17.2941176470588189 -28.4117647058823479 -58.0588235294117538
-30.8823529411764710 -27.1764705882352935 -30.8823529411764710 -39.5294117647058769 -25.9411764705882320 -43.2352941176470509 -50.6470588235294059 -32.1176470588235219 -27.1764705882352935 -18.5294117647058805 -24.7058823529411775 -35.8235294117647101 -45.7058823529411740 -37.0588235294117680 -35.8235294117646959 -27.1764705882352864 -39.5294117647058769 -27.1764705882352935 -41.9999999999999929 -40.7647058823529420 -32.1176470588235219
-23.4705882352941160 -25.9411764705882320 -28.4117647058823479 -64.2352941176470438 -44.4705882352941160 -25.9411764705882320 -40.7647058823529420 -35.8235294117647030 -32.1176470588235219 -27.1764705882352935 -25.9411764705882320 -44.4705882352941160 -80.2941176470588118 -35.8235294117647030 -34.5882352941176379 -13.5882352941176467 -44.4705882352941089 -38.2941176470588189 -40.7647058823529420 -29.6470588235294024 -51.8823529411764639
-39.5294117647058698 -56.8235294117646959 -41.9999999999999929 -42.0000000000000000 -39.5294117647058769 -33.3529411764705799 -17.2941176470588225 -60.5294117647058769 -27.1764705882352935 -29.6470588235294095 -49.4117647058823550 -28.4117647058823479 -42.0000000000000000 -40.7647058823529420 -28.4117647058823550 -18.5294117647058805 -40.7647058823529420 -24.7058823529411740 -32.1176470588235219 -46.9411764705882320 -39.5294117647058698
-48.1764705882352899 -53.1176470588235361 -25.9411764705882320 -37.0588235294117609 -40.7647058823529420 -18.5294117647058769 -76.5882352941176521 -28.4117647058823550 -38.2941176470588189 -27.1764705882352864 -59.2941176470588260 -24.7058823529411669 -38.2941176470588260 -19.7647058823529349 -16.0588235294117609 -29.6470588235294130 -41.9999999999999929 -46.9411764705882320 -27.1764705882352935 -27.1764705882352935 -39.5294117647058840
-53.1176470588235219 -51.8823529411764639 -23.4705882352941160 -27.1764705882352935 -39.5294117647058769 -27.1764705882352935 -49.4117647058823408 -34.5882352941176379 -34.5882352941176521 -25.9411764705882320 -19.7647058823529420 -18.5294117647058840 -32.1176470588235219 -22.2352941176470544 -35.8235294117647101 -32.1176470588235219 -64.2352941176470580 -56.8235294117647101 -39.5294117647058769 -45.7058823529411669 -29.6470588235294095
-30.8823529411764746 -29.6470588235294095 -39.5294117647058698 -24.7058823529411775 -28.4117647058823550 -39.5294117647058769 -45.7058823529411811 -30.8823529411764710 -11.1176470588235290 -27.1764705882352935 -23.4705882352941089 -23.4705882352941160 -41.9999999999999858 -34.5882352941176450 -44.4705882352941089 -40.7647058823529349 -30.8823529411764710 -27.1764705882352935 -38.2941176470588189 -37.0588235294117538 -28.4117647058823479
-13.5882352941176467 -29.6470588235294095 -27.1764705882352864 -58.0588235294117680 -19.7647058823529385 -48.1764705882352899 -49.4117647058823408 -46.9411764705882248 -3.7058823529411762 -48.1764705882352828 -25.9411764705882248 -33.3529411764705941 -24.7058823529411704 -17.2941176470588189 -60.5294117647058769 -25.9411764705882248 -38.2941176470588260 -33.3529411764705870 -20.9999999999999964 -49.4117647058823408 -33.3529411764705870
-28.4117647058823408 -41.9999999999999929 -17.2941176470588189 -17.2941176470588189 -44.4705882352941089 -46.9411764705882177 -64.2352941176470438 -14.8235294117647012 -23.4705882352941195 -33.3529411764705870 -32.1176470588235290 -19.7647058823529385 -18.5294117647058769 -18.5294117647058769 -39.5294117647058769 -46.9411764705882320 -25.9411764705882320 -56.8235294117647101 -69.1764705882352757 -33.3529411764705870 -37.0588235294117538
-55.5882352941176379 -37.0588235294117609 -43.2352941176470580 -27.1764705882352935 -42.0000000000000000 -29.6470588235294095 -48.1764705882352828 -23.4705882352941160 -46.9411764705882320 -34.5882352941176379 -23.4705882352941195 -51.8823529411764497 -35.8235294117647030 -27.1764705882352864 -23.4705882352941124 -49.4117647058823550 -35.8235294117646959 -51.8823529411764639 -44.4705882352941231 -28.4117647058823550 -25.9411764705882320
-33.3529411764705799 -30.8823529411764710 -41.9999999999999929 -12.3529411764705870 -42.0000000000000000 -32.1176470588235290 -37.0588235294117609 -39.5294117647058698 -29.6470588235294130 -34.5882352941176450 -20.9999999999999929 -34.5882352941176379 -29.6470588235294095 -23.4705882352941089 -32.1176470588235219 -51.8823529411764639 -35.8235294117646959 -35.8235294117647101 -59.2941176470588189 -30.8823529411764710 -38.2941176470588189
-40.7647058823529349 -38.2941176470588260 -27.1764705882352935 -23.4705882352941195 -49.4117647058823408 -28.4117647058823408 -34.5882352941176450 -34.5882352941176379 -12.3529411764705852 -64.2352941176470438 -44.4705882352941089 -25.9411764705882248 -39.5294117647058769 -34.5882352941176379 -54.3529411764705870 -18.5294117647058769 -40.7647058823529420 -11.1176470588235290 -49.4117647058823479 -43.2352941176470509 -23.4705882352941089
-60.5294117647058698 -32.1176470588235219 -37.0588235294117609 -29.6470588235294024 -35.8235294117647101 -24.7058823529411775 -40.7647058823529420 -23.4705882352941089 -32.1176470588235219 -37.0588235294117680 -43.2352941176470580 -56.8235294117647172 -22.2352941176470544 -28.4117647058823550 -35.8235294117647101 -24.7058823529411775 -30.8823529411764710 -37.0588235294117609 -39.5294117647058769 -27.1764705882352935 -33.3529411764705870
-50.6470588235294059 -43.2352941176470509 -21.0000000000000000 -34.5882352941176379 -39.5294117647058769 -45.7058823529411740 -54.3529411764705870 -19.7647058823529349 -24.7058823529411704 -19.7647058823529349 -25.9411764705882391 -11.1176470588235272 -39.5294117647058769 -60.5294117647058698 -24.7058823529411704 -30.8823529411764710 -14.8235294117647047 -35.8235294117647030 -46.9411764705882320 -19.7647058823529385 -39.5294117647058698
-48.1764705882352899 -41.9999999999999929 -25.9411764705882320 -24.7058823529411740 -25.9411764705882320 -35.8235294117646959 -67.9411764705882320 -46.9411764705882320 -27.1764705882352935 -41.9999999999999858 -50.6470588235294059 -29.6470588235294095 -13.5882352941176467 -44.4705882352941089 -23.4705882352941089 -34.5882352941176379 -25.9411764705882320 -30.8823529411764639 -35.8235294117647030 -20.9999999999999929 -32.1176470588235219
-24.7058823529411704 -28.4117647058823550 -33.3529411764705870 -42.0000000000000000 -20.9999999999999964 -30.8823529411764746 -53.1176470588235219 -35.8235294117647101 -30.8823529411764639 0.0000000000000000 -34.5882352941176450 -53.1176470588235361 -30.8823529411764639 -14.8235294117647012 -32.1176470588235219 -35.8235294117647101 -30.8823529411764639 -34.5882352941176450 -20.9999999999999929 -55.5882352941176450 -30.8823529411764639
-40.7647058823529420 -29.6470588235294095 -45.7058823529411740 -34.5882352941176450 -43.2352941176470580 -20.9999999999999929 -33.3529411764705870 -32.1176470588235219 -56.8235294117647101 -19.7647058823529385 -35.8235294117647101 -33.3529411764705941 -28.4117647058823550 -22.2352941176470509 -18.5294117647058805 -21.0000000000000000 -39.5294117647058769 -45.7058823529411740 -14.8235294117647047 -48.1764705882352828 -19.7647058823529349
-30.8823529411764710 -50.6470588235294059 -39.5294117647058769 -23.4705882352941160 -19.7647058823529385 -37.0588235294117538 -27.1764705882352935 -24.7058823529411704 -50.6470588235294059 -25.9411764705882320 -58.0588235294117680 -9.8823529411764692 -43.2352941176470580 -33.3529411764705870 -42.0000000000000000 -33.3529411764705870 -54.3529411764705870 -34.5882352941176379 -11.1176470588235272 -29.6470588235294095 -28.4117647058823550
-24.7058823529411704 -38.2941176470588260 -25.9411764705882248 -29.6470588235294095 -30.8823529411764710 -43.2352941176470509 -25.9411764705882320 -42.0000000000000000 -33.3529411764705799 -49.4117647058823550 -28.4117647058823550 -58.0588235294117467 -35.8235294117647101 -56.8235294117646816 -49.4117647058823550 -23.4705882352941195 -19.7647058823529385 -33.3529411764705870 -35.8235294117646959 -12.3529411764705852 -34.5882352941176450
-44.4705882352941231 -41.9999999999999929 -35.8235294117646959 -29.6470588235294095 -64.2352941176470438 -32.1176470588235290 -42.0000000000000000 -22.2352941176470544 -27.1764705882352935 -28.4117647058823479 -32.1176470588235219 -17.2941176470588189 -18.5294117647058769 -53.1176470588235219 -59.2941176470588260 -38.2941176470588189 -25.9411764705882320 -53.1176470588235148 -29.6470588235294095 -35.8235294117647101 -40.7647058823529420
-42.0000000000000000 -46.9411764705882391 -37.0588235294117538 -29.6470588235294095 -74.1176470588235219 -24.7058823529411704 -24.7058823529411704 -32.1176470588235290 -35.8235294117646959 -17.2941176470588189 -25.9411764705882320 -18.5294117647058840 -22.2352941176470544 -37.0588235294117538 -23.4705882352941124 -27.1764705882352935 -28.4117647058823550 -16.0588235294117609 -34.5882352941176379 -39.5294117647058698 -30.8823529411764639
-50.6470588235294059 -37.0588235294117609 -20.9999999999999964 -48.1764705882352899 -41.9999999999999929 -53.1176470588235219 -34.5882352941176379 -39.5294117647058769 -41.9999999999999929 -34.5882352941176450 -38.2941176470588189 -44.4705882352941160 -13.5882352941176467 -32.1176470588235219 -20.9999999999999929 -18.5294117647058769 -16.0588235294117609 -33.3529411764705870 -43.2352941176470580 -30.8823529411764639 -24.7058823529411740
-41.9999999999999858 -41.9999999999999858 -24.7058823529411740 -22.2352941176470615 -40.7647058823529349 -18.5294117647058769 -30.8823529411764710 -34.5882352941176521 -30.8823529411764710 -38.2941176470588189 -35.8235294117647030 -18.5294117647058769 -17.2941176470588189 -27.1764705882352935 -50.6470588235294059 -27.1764705882352864 -20.9999999999999964 -43.2352941176470580 -35.8235294117647030 -21.0000000000000000 -29.6470588235294095
-32.1176470588235219 -30.8823529411764710 -39.5294117647058769 -19.7647058823529385 -37.0588235294117609 -27.1764705882352935 -39.5294117647058769 -17.2941176470588225 -25.9411764705882320 -16.0588235294117609 -29.6470588235294095 -13.5882352941176467 -14.8235294117647047 -40.7647058823529420 -51.8823529411764639 -35.8235294117647030 -24.7058823529411704 -35.8235294117647101 -37.0588235294117609 -32.1176470588235219 -24.7058823529411740
-75.3529411764705799 -34.5882352941176450 -28.4117647058823479 -29.6470588235294095 -33.3529411764705870 -20.9999999999999929 -35.8235294117647101 -49.4117647058823550 -25.9411764705882320 -20.9999999999999964 -39.5294117647058769 -29.6470588235294095 -55.5882352941176379 -30.8823529411764710 -41.9999999999999929 -30.8823529411764639 -20.9999999999999929 -34.5882352941176379 -24.7058823529411704 -27.1764705882352864 -16.0588235294117609
-25.9411764705882320 -44.4705882352941160 -24.7058823529411704 -41.9999999999999858 -70.4117647058823479 -18.5294117647058769 -12.3529411764705852 -50.6470588235294130 -24.7058823529411704 -29.6470588235294130 -20.9999999999999964 -29.6470588235294095 -33.3529411764705799 -54.3529411764705728 -51.8823529411764639 -56.8235294117646959 -19.7647058823529349 -29.6470588235294095 -35.8235294117647030 -34.5882352941176450 -44.4705882352941089
-14.8235294117647012 -41.9999999999999929 -30.8823529411764639 -40.7647058823529349 -34.5882352941176379 -27.1764705882352935 -24.7058823529411740 -60.5294117647058698 -18.5294117647058769 -11.1176470588235290 -27.1764705882352935 -55.5882352941176379 -32.1176470588235219 -34.5882352941176379 -28.4117647058823479 -34.5882352941176450 -49.4117647058823550 -40.7647058823529349 -40.7647058823529420 -23.4705882352941124 -67.9411764705882320
-18.5294117647058769 -30.8823529411764710 -28.4117647058823550 -41.9999999999999929 -39.5294117647058840 -37.0588235294117609 -43.2352941176470580 -18.5294117647058805 -13.5882352941176432 -39.5294117647058769 -29.6470588235294130 -51.8823529411764639 -21.0000000000000000 -32.1176470588235219 -40.7647058823529349 -38.2941176470588260 -34.5882352941176379 -27.1764705882352864 -18.5294117647058805 -39.5294117647058769 -25.9411764705882320
-27.1764705882352935 -25.9411764705882320 -37.0588235294117609 -40.7647058823529420 -23.4705882352941160 -46.9411764705882320 -29.6470588235294095 -51.8823529411764639 -23.4705882352941160 -48.1764705882352899 -20.9999999999999964 -28.4117647058823479 -16.0588235294117609 -30.8823529411764639 -63.0000000000000000 -45.7058823529411740 -50.6470588235294130 -45.7058823529411740 -20.9999999999999964 -58.0588235294117680 -27.1764705882352935
-51.8823529411764639 -39.5294117647058769 -33.3529411764705870 -41.9999999999999929 -30.8823529411764639 -40.7647058823529420 -24.7058823529411704 -56.8235294117647101 -27.1764705882352935 -32.1176470588235219 -24.7058823529411740 -53.1176470588235219 -35.8235294117647101 -45.7058823529411740 -53.1176470588235219 -39.5294117647058911 -62.9999999999999858 -58.0588235294117538 -27.1764705882352935 -45.7058823529411740 -39.5294117647058769
-50.6470588235294059 -39.5294117647058698 -30.8823529411764710 -37.0588235294117609 -25.9411764705882320 -34.5882352941176379 -39.5294117647058769 -61.7647058823529278 -22.2352941176470544 -27.1764705882352864 -72.8823529411764781 -71.6470588235293775 -30.8823529411764710 -43.2352941176470580 -32.1176470588235219 -29.6470588235294095 -25.9411764705882320 -46.9411764705882320 -37.0588235294117609 -28.4117647058823408 -30.8823529411764639
-28.4117647058823479 -39.5294117647058769 -33.3529411764705870 -30.8823529411764639 -29.6470588235294095 -23.4705882352941160 -30.8823529411764710 -37.0588235294117538 -61.7647058823529420 -23.4705882352941124 -13.5882352941176467 -25.9411764705882248 -22.2352941176470544 -46.9411764705882320 -41.9999999999999929 -48.1764705882352899 -51.8823529411764497 -33.3529411764705799 -45.7058823529411740 -30.8823529411764639 -59.2941176470588260
-32.1176470588235219 -30.8823529411764639 -44.4705882352941018 -46.9411764705882320 -30.8823529411764639 -23.4705882352941089 -23.4705882352941089 -18.5294117647058769 -53.1176470588235219 -28.4117647058823550 -20.9999999999999964 -28.4117647058823550 -27.1764705882352864 -38.2941176470588189 -34.5882352941176379 -21.0000000000000000 -9.8823529411764692 -90.1764705882352899 -35.8235294117647101 -19.7647058823529385 -34.5882352941176379
-32.1176470588235219 -40.7647058823529420 -27.1764705882352935 -37.0588235294117609 -33.3529411764705870 -29.6470588235294095 -35.8235294117646959 -25.9411764705882320 -35.8235294117647101 -30.8823529411764710 -51.8823529411764639 -45.7058823529411669 -37.0588235294117609 -29.6470588235294095 -37.0588235294117538 -32.1176470588235290 -30.8823529411764639 -28.4117647058823479 -40.7647058823529420 -43.2352941176470580 -35.8235294117646959
-34.5882352941176450 -34.5882352941176450 -25.9411764705882320 -30.8823529411764710 -20.9999999999999964 -55.5882352941176379 -23.4705882352941089 -32.1176470588235219 -32.1176470588235219 -19.7647058823529349 -30.8823529411764639 -32.1176470588235290 -17.2941176470588225 -16.0588235294117609 -27.1764705882352935 -37.0588235294117609 -13.5882352941176467 -13.5882352941176467 -27.1764705882352935 -25.9411764705882320 -33.3529411764705870
-20.9999999999999964 -29.6470588235294095 -29.6470588235294095 -20.9999999999999929 -22.2352941176470580 -37.0588235294117609 -42.0000000000000000 -43.2352941176470580 -50.6470588235294059 -33.3529411764705799 -39.5294117647058769 -30.8823529411764710 -32.1176470588235219 -23.4705882352941124 -28.4117647058823550 -53.1176470588235219 -35.8235294117647030 -25.9411764705882320 -34.5882352941176379 -46.9411764705882248 -32.1176470588235290
-54.3529411764705870 -35.8235294117647030 -32.1176470588235219 -33.3529411764705870 -28.4117647058823408 -23.4705882352941160 -20.9999999999999964 -20.9999999999999964 -29.6470588235294024 -66.7058823529411740 -32.1176470588235290 -23.4705882352941160 -30.8823529411764710 -35.8235294117647030 -28.4117647058823479 -39.5294117647058840 -54.3529411764705870 -34.5882352941176379 -18.5294117647058840 -53.1176470588235219 -43.2352941176470509
-60.5294117647058769 -55.5882352941176450 -27.1764705882352864 -61.7647058823529420 -33.3529411764705870 -13.5882352941176467 -71.6470588235294201 -20.9999999999999929 -29.6470588235294095 -48.1764705882352899 -51.8823529411764781 -34.5882352941176450 -59.2941176470588047 -16.0588235294117609 -30.8823529411764710 -22.2352941176470544 -65.4705882352941160 -25.9411764705882320 -27.1764705882352935 -50.6470588235294130 -29.6470588235294130
-44.4705882352941160 -44.4705882352941089 -43.2352941176470580 -40.7647058823529420 -46.9411764705882248 -28.4117647058823479 -81.5294117647058840 -30.8823529411764639 -42.0000000000000000 -49.4117647058823479 -39.5294117647058769 -37.0588235294117609 -28.4117647058823479 -20.9999999999999964 -35.8235294117647030 -22.2352941176470544 -23.4705882352941124 -27.1764705882352935 -27.1764705882352864 -32.1176470588235219 -27.1764705882352864
-40.7647058823529420 -30.8823529411764639 -22.2352941176470580 -25.9411764705882391 -37.0588235294117609 -34.5882352941176379 -38.2941176470588260 -41.9999999999999858 -16.0588235294117609 -19.7647058823529349 -20.9999999999999929 -12.3529411764705870 -29.6470588235294095 -14.8235294117647012 -50.6470588235294130 -30.8823529411764710 -44.4705882352941160 -25.9411764705882320 -35.8235294117647030 -54.3529411764705870 -46.9411764705882320
-28.4117647058823550 -27.1764705882352935 -35.8235294117647030 -43.2352941176470580 -35.8235294117647101 -24.7058823529411704 -32.1176470588235219 -29.6470588235294130 -27.1764705882352935 -32.1176470588235290 -29.6470588235294095 -30.8823529411764710 -13.5882352941176467 -29.6470588235294095 -29.6470588235294095 -30.8823529411764639 -35.8235294117646959 -37.0588235294117609 -69.1764705882352757 -39.5294117647058769 -24.7058823529411775
-37.0588235294117680 -55.5882352941176450 -30.8823529411764639 -19.7647058823529385 -19.7647058823529385 -30.8823529411764710 -19.7647058823529349 -30.8823529411764639 -45.7058823529411740 -6.1764705882352935 -35.8235294117646959 -51.8823529411764639 -23.4705882352941089 -43.2352941176470580 -18.5294117647058769 -27.1764705882352935 -32.1176470588235219 -40.7647058823529420 -39.5294117647058698 -37.0588235294117680 -23.4705882352941160
-33.3529411764705870 -34.5882352941176379 -29.6470588235294024 -30.8823529411764639 -25.9411764705882320 -35.8235294117647030 -23.4705882352941160 -30.8823529411764710 -34.5882352941176379 -28.4117647058823550 -39.5294117647058769 -34.5882352941176379 -24.7058823529411704 -22.2352941176470509 -35.8235294117647101 -29.6470588235294130 -41.9999999999999858 -28.4117647058823479 -44.4705882352941231 -34.5882352941176379 -33.3529411764705870
-29.6470588235294095 -18.5294117647058805 -28.4117647058823479 -46.9411764705882248 -39.5294117647058769 -33.3529411764705870 -23.4705882352941160 -37.0588235294117609 -54.3529411764705941 -29.6470588235294130 -22.2352941176470544 -7.4117647058823524 -24.7058823529411704 -43.2352941176470509 -44.4705882352941089 -39.5294117647058769 -34.5882352941176450 -44.4705882352941089 -35.8235294117647101 -30.8823529411764710 -34.5882352941176450
-51.8823529411764781 -33.3529411764705870 -25.9411764705882320 -46.9411764705882177 -54.3529411764705870 -28.4117647058823479 -27.1764705882352935 -13.5882352941176467 -12.3529411764705852 -18.5294117647058805 -42.0000000000000000 -29.6470588235294095 -14.8235294117647047 -22.2352941176470544 -29.6470588235294095 -38.2941176470588189 -25.9411764705882320 -32.1176470588235219 -19.7647058823529385 -35.8235294117647030 -43.2352941176470580
-34.5882352941176450 -27.1764705882352935 -22.2352941176470580 -23.4705882352941160 -46.9411764705882248 -40.7647058823529420 -30.8823529411764710 -22.2352941176470580 -18.5294117647058805 -33.3529411764705870 -37.0588235294117680 -32.1176470588235290 -24.7058823529411740 -37.0588235294117538 -28.4117647058823550 -44.4705882352941089 -32.1176470588235219 -37.0588235294117609 -50.6470588235294059 -34.5882352941176450 -48.1764705882352899
-38.2941176470588189 -39.5294117647058769 -34.5882352941176450 -12.3529411764705852 -29.6470588235294130 -4.9411764705882346 -37.0588235294117609 -27.1764705882352935 -46.9411764705882177 -49.4117647058823408 -54.3529411764705870 -50.6470588235294130 -20.9999999999999929 -29.6470588235294130 -50.6470588235294059 -37.0588235294117538 -60.5294117647058769 -30.8823529411764817 -32.1176470588235219 -35.8235294117647030 -40.7647058823529278
-23.4705882352941160 -24.7058823529411775 -22.2352941176470544 -35.8235294117647030 -37.0588235294117609 -53.1176470588235219 -46.9411764705882177 -19.7647058823529385 -29.6470588235294095 -34.5882352941176379 -103.7647058823529562 -17.2941176470588189 -17.2941176470588225 -22.2352941176470544 -54.3529411764705870 -37.0588235294117680 -45.7058823529411811 -46.9411764705882320 -50.6470588235294130 -32.1176470588235219 -23.4705882352941124
-32.1176470588235219 -44.4705882352941160 -22.2352941176470580 -9.8823529411764692 -29.6470588235294130 -29.6470588235294095 -24.7058823529411669 -30.8823529411764746 -32.1176470588235219 -27.1764705882352864 -30.8823529411764710 -74.1176470588235361 -56.8235294117646959 -28.4117647058823479 -27.1764705882352935 -43.2352941176470509 -33.3529411764705870 -38.2941176470588260 -30.8823529411764639 -14.8235294117647065 -16.0588235294117609
-23.4705882352941160 -64.2352941176470580 -48.1764705882352899 -48.1764705882352899 -30.8823529411764639 -46.9411764705882177 -53.1176470588235148 -27.1764705882352970 -25.9411764705882320 -53.1176470588235148 -16.0588235294117609 -95.1176470588235361 -37.0588235294117609 -37.0588235294117609 -29.6470588235294095 -32.1176470588235219 -39.5294117647058769 -14.8235294117647047 -41.9999999999999929 -30.8823529411764710 -34.5882352941176379
-30.8823529411764710 -38.2941176470588189 -86.4705882352941160 -107.4705882352941018 -41.9999999999999929 -38.2941176470588189 -38.2941176470588260 -38.2941176470588189 -13.5882352941176432 -43.2352941176470509 -30.8823529411764710 -38.2941176470588260 -20.9999999999999964 -64.2352941176470438 -33.3529411764705799 -14.8235294117647047 -28.4117647058823550 -20.9999999999999929 -24.7058823529411740 -18.5294117647058769 -30.8823529411764710
-25.9411764705882320 -35.8235294117647101 -50.6470588235294059 -64.2352941176470580 -34.5882352941176450 -30.8823529411764639 -71.6470588235294201 -35.8235294117646959 -35.8235294117647030 -35.8235294117647030 -48.1764705882352899 -37.0588235294117538 -24.7058823529411704 -34.5882352941176379 -33.3529411764705870 -42.0000000000000000 -28.4117647058823479 -24.7058823529411740 -23.4705882352941124 -37.0588235294117538 -45.7058823529411740
-30.8823529411764710 -29.6470588235294024 -18.5294117647058769 -23.4705882352941160 -22.2352941176470544 -40.7647058823529278 -37.0588235294117609 -42.0000000000000000 -24.7058823529411704 -43.2352941176470509 -38.2941176470588189 -54.3529411764705728 -24.7058823529411704 -42.0000000000000000 -50.6470588235294059 -32.1176470588235290 -34.5882352941176450 -32.1176470588235219 -22.2352941176470544 -34.5882352941176450 -28.4117647058823479
-18.5294117647058769 -56.8235294117647101 -18.5294117647058769 -33.3529411764705870 -9.8823529411764692 -29.6470588235294095 -37.0588235294117680 -17.2941176470588189 -39.5294117647058769 -48.1764705882352899 -44.4705882352941160 -65.4705882352941160 -33.3529411764705870 -39.5294117647058769 -17.2941176470588189 -11.1176470588235272 -35.8235294117647030 -48.1764705882352899 -30.8823529411764710 -37.0588235294117609 -28.4117647058823550
-41.9999999999999929 -54.3529411764705728 -34.5882352941176450 -19.7647058823529385 -49.4117647058823479 -35.8235294117647030 -44.4705882352941089 -41.9999999999999929 -56.8235294117646959 -14.8235294117647047 -22.2352941176470544 -50.6470588235294059 -44.4705882352941160 -45.7058823529411811 -32.1176470588235290 -22.2352941176470580 -54.3529411764705870 -29.6470588235294024 -38.2941176470588189 -37.0588235294117538 -29.6470588235294095
-38.2941176470588189 -35.8235294117647030 -22.2352941176470544 -23.4705882352941160 -30.8823529411764746 -65.4705882352941160 -22.2352941176470509 -25.9411764705882248 -34.5882352941176379 -56.8235294117647101 -48.1764705882352828 -39.5294117647058769 -27.1764705882352935 -50.6470588235294059 -34.5882352941176450 -13.5882352941176467 -59.2941176470588260 -46.9411764705882320 -54.3529411764705870 -60.5294117647058769 -32.1176470588235219
