0.9999999999999994
0.9999999999999994
0.9999999999999994
0.9999999999999994
0.9999999999999994
0.9999999999999992
0.9999999999999992
0.9999999999999992
1.9999999999999996
1.9999999999999996
1.9999999999999996
1.9999999999999996
1.9999999999999996
1.9999999999999996
1.9999999999999993
1.9999999999999993
1.9999999999999993
1.9999999999999993
1.9999999999999991
2.0
2.0
2.0
2.000000000000001
2.000000000000001
3.0000000000000004
4.0
3.999999999999999
4.0
4.0
4.0
3.9999999999999996
3.9999999999999996
3.9999999999999996
3.9999999999999996
3.9999999999999996
3.9999999999999996
3.9999999999999996
3.9999999999999996
4.0
3.9999999999999996
3.9999999999999996
3.9999999999999996
3.9999999999999996
3.9999999999999996
4.0
4.0
4.0
4.0
4.0
3.999999999999999
3.999999999999999
3.999999999999999
3.9999999999999996
3.9999999999999996
3.9999999999999996
4.0
4.0
3.999999999999999
3.9999999999999996
3.999999999999999
3.999999999999999
3.999999999999999
3.9999999999999982
3.9999999999999982
3.9999999999999973
3.9999999999999973
3.999999999999997
3.999999999999997
4.999999999999997
4.999999999999997
4.999999999999998
4.999999999999998
4.999999999999998
4.999999999999998
4.999999999999998
4.999999999999998
4.999999999999998
4.999999999999998
4.999999999999998
4.999999999999998
4.999999999999998
4.999999999999998
4.999999999999999
4.999999999999999
5.0
5.0
5.0
4.999999999999999
4.999999999999999
4.999999999999999
4.999999999999999
4.999999999999999
4.999999999999999
4.999999999999999
4.999999999999999
4.999999999999999
4.999999999999999
4.999999999999999
5.0
5.0
5.0
5.0
5.0
5.0
5.0
5.0
5.0
5.0
5.0
5.0
5.0
5.0
5.0
5.0
5.0
5.0
5.0
5.0
5.0
5.0
5.0
5.000000000000001
5.000000000000001
5.000000000000001
5.000000000000001
5.000000000000001
5.000000000000001
5.000000000000001
5.000000000000001
5.000000000000001
5.000000000000001
5.000000000000001
5.0
5.0
5.0
5.0
5.0
5.0
5.0
5.0
5.0
5.0
5.0
5.0
5.0
5.0
5.0
5.0
5.0
5.0
5.0
5.0
5.0
5.0
5.0
5.0
5.0
5.0
5.0
5.0
5.0
4.999999999999999
4.999999999999999
4.999999999999999
4.999999999999999
4.999999999999999
4.999999999999999
4.999999999999999
4.999999999999999
4.999999999999999
4.999999999999998
4.999999999999998
4.999999999999998
4.999999999999998
4.999999999999997
4.999999999999999
4.999999999999999
4.999999999999998
4.999999999999998
4.999999999999999
4.999999999999999
4.999999999999999
4.999999999999999
4.999999999999999
4.999999999999999
4.999999999999998
4.999999999999998
4.999999999999998
4.999999999999998
4.999999999999998
4.999999999999998
4.999999999999998
4.999999999999998
4.999999999999998
4.999999999999998
4.999999999999998
4.999999999999998
4.999999999999997
4.999999999999997
4.999999999999997
4.999999999999997
4.999999999999997
4.999999999999997
4.999999999999997
4.999999999999997
4.999999999999997
4.999999999999997
4.999999999999997
4.999999999999997
4.999999999999997
4.999999999999997
4.999999999999997
4.999999999999997
4.999999999999997
4.999999999999997
4.999999999999997
4.999999999999997
4.999999999999997
4.999999999999997
4.999999999999997
4.999999999999997
4.999999999999997
4.999999999999997
4.999999999999997
4.999999999999997
4.999999999999998
4.999999999999998
4.999999999999998
4.999999999999998
4.999999999999998
4.999999999999998
4.999999999999998
4.999999999999998
4.999999999999998
4.999999999999998
4.999999999999998
4.999999999999998
4.999999999999998
4.999999999999998
4.999999999999998
4.999999999999998
4.999999999999998
4.999999999999998
4.999999999999999
4.999999999999999
4.999999999999999
4.999999999999999
4.999999999999999
4.999999999999999
4.999999999999999
5.0
5.000000000000001
5.000000000000001
4.000000000000001
4.000000000000001
4.000000000000001
4.000000000000001
4.000000000000001
4.000000000000001
4.000000000000002
4.000000000000002
4.000000000000002
4.000000000000002
4.000000000000001
4.000000000000001
4.000000000000001
4.000000000000001
4.000000000000001
4.000000000000001
4.000000000000001
4.000000000000001
4.000000000000001
4.000000000000001
4.000000000000002
4.000000000000002
4.000000000000002
4.000000000000002
4.000000000000002
4.000000000000002
4.000000000000002
4.000000000000002
4.000000000000002
4.000000000000002
4.000000000000002
4.000000000000002
4.000000000000002
4.000000000000002
4.000000000000002
4.000000000000002
4.000000000000002
4.000000000000002
4.000000000000002
4.000000000000003
4.000000000000003
4.000000000000003
4.0000000000000036
4.0000000000000036
3.000000000000004
3.000000000000003
3.0000000000000027
3.0000000000000027
3.0000000000000027
3.0000000000000027
3.0000000000000027
3.000000000000003
3.0000000000000036
3.000000000000004
2.0000000000000036
2.0000000000000027
2.0000000000000027
2.0000000000000027
2.0000000000000027
2.0000000000000027
2.0000000000000027
2.0000000000000027
2.0000000000000027
2.0000000000000027
2.0000000000000027
2.000000000000003
2.0000000000000027
2.0000000000000027
2.0000000000000027
2.0000000000000027
2.0000000000000027
2.0000000000000027
2.000000000000003
2.000000000000003
2.000000000000003
2.000000000000003
2.000000000000003
2.0000000000000036
2.0000000000000036
2.0000000000000036
2.0000000000000036
2.0000000000000036
2.0000000000000036
2.000000000000004
2.000000000000004
2.000000000000004
2.000000000000004
2.0000000000000044
2.0000000000000044
2.0000000000000044
2.000000000000005
1.0000000000000049
2.000000000000005
1.0000000000000044
1.0000000000000044
1.0000000000000044
1.0000000000000044
1.0000000000000044
1.0000000000000044
1.0000000000000044
4.440892098500626e-15
4.440892098500626e-15
4.440892098500626e-15
2.0000000000000044
2.0000000000000044
3.0000000000000053
2.0000000000000053
2.0000000000000053
2.0000000000000053
2.000000000000005
3.0000000000000044
3.0000000000000044
4.000000000000004
4.000000000000004
4.000000000000004
4.000000000000004
4.000000000000004
4.000000000000004
4.000000000000004
4.000000000000004
4.000000000000004
4.0000000000000036
4.0000000000000036
4.0000000000000036
4.0000000000000036
4.0000000000000036
4.0000000000000036
4.000000000000004
4.000000000000004
4.000000000000001
4.000000000000001
4.000000000000001
4.000000000000001
4.000000000000001
4.000000000000001
4.000000000000001
4.000000000000001
4.000000000000001
4.000000000000001
4.000000000000001
4.000000000000001
4.000000000000001
4.000000000000001
5.0
5.0
5.0
4.999999999999999
4.999999999999999
3.9999999999999982
3.9999999999999982
3.9999999999999982
3.9999999999999982
3.9999999999999982
3.9999999999999982
3.9999999999999982
3.9999999999999982
3.9999999999999982
3.9999999999999982
3.9999999999999982
3.9999999999999987
3.9999999999999987
3.9999999999999987
3.9999999999999987
3.9999999999999987
3.9999999999999987
3.9999999999999987
3.9999999999999987
3.9999999999999987
3.9999999999999987
3.9999999999999987
3.9999999999999987
3.9999999999999987
3.9999999999999987
3.9999999999999987
3.9999999999999996
4.0
4.0
4.000000000000001
4.000000000000001
4.000000000000002
4.000000000000004
4.000000000000004
4.000000000000004
4.000000000000004
4.000000000000004
4.000000000000004
4.000000000000004
4.000000000000004
4.000000000000004
4.000000000000004
4.000000000000004
4.000000000000004
4.000000000000004
4.000000000000004
4.000000000000005
4.000000000000005
4.000000000000005
4.000000000000005
4.000000000000005
4.000000000000005
4.000000000000005
4.000000000000005
4.000000000000005
4.000000000000005
4.000000000000005
4.000000000000005
4.000000000000005
4.000000000000005
4.000000000000005
4.000000000000005
4.000000000000005
4.000000000000005
4.000000000000005
4.000000000000005
4.000000000000005
4.0000000000000036
4.0000000000000036
4.000000000000003
4.000000000000003
4.000000000000003
4.000000000000003
4.000000000000003
4.000000000000003
4.000000000000003
4.000000000000003
4.000000000000003
4.000000000000003
4.000000000000003
4.000000000000002
4.000000000000002
4.000000000000002
4.000000000000002
4.000000000000002
4.000000000000002
4.0
4.0
4.0
4.000000000000002
4.000000000000002
4.000000000000002
4.000000000000002
4.000000000000002
4.000000000000002
4.000000000000002
4.000000000000003
4.0000000000000036
4.0000000000000036
4.0000000000000036
4.000000000000003
4.000000000000003
3.000000000000002
3.000000000000002
3.000000000000002
3.0000000000000027
3.0000000000000027
3.0000000000000027
3.0000000000000027
3.0000000000000027
3.0000000000000027
3.0000000000000027
3.0000000000000027
3.0000000000000027
3.0000000000000018
3.0000000000000018
3.0000000000000018
3.0000000000000018
3.0000000000000027
3.0000000000000027
3.0000000000000027
3.0000000000000027
3.0000000000000027
3.000000000000003
3.000000000000003
3.000000000000003
3.0000000000000027
3.0000000000000027
3.0000000000000027
3.0000000000000027
3.0000000000000027
3.0000000000000027
3.0000000000000027
3.0000000000000027
3.0000000000000027
3.0000000000000027
3.0000000000000027
3.0000000000000027
3.0000000000000027
3.0000000000000027
3.0000000000000027
3.0000000000000027
4.000000000000003
4.000000000000003
4.000000000000003
4.000000000000003
4.000000000000003
4.000000000000003
4.000000000000003
4.000000000000003
4.000000000000002
4.000000000000002
4.000000000000003
4.000000000000003
3.000000000000003
3.000000000000003
3.0000000000000027
3.0000000000000027
3.0000000000000027
3.0000000000000027
3.0000000000000018
3.0000000000000018
3.000000000000002
3.000000000000002
3.000000000000002
3.000000000000002
3.000000000000002
3.000000000000002
3.000000000000002
3.000000000000002
3.000000000000002
3.0000000000000027
3.000000000000002
3.000000000000002
3.000000000000002
3.0000000000000027
4.000000000000003
4.000000000000003
3.000000000000002
3.000000000000002
3.000000000000002
3.000000000000002
3.000000000000002
3.000000000000002
3.000000000000002
3.000000000000002
3.000000000000002
3.000000000000002
3.000000000000002
3.000000000000002
3.000000000000002
3.0000000000000018
3.0000000000000018
3.0000000000000018
3.000000000000002
3.000000000000002
3.0000000000000018
3.0000000000000018
3.0000000000000018
3.0000000000000018
3.0000000000000013
3.000000000000001
3.000000000000001
3.000000000000001
3.000000000000001
3.000000000000001
3.000000000000001
3.000000000000001
3.000000000000001
3.0000000000000004
3.0000000000000004
3.0000000000000004
3.0000000000000004
3.0
3.0
3.0
3.0
3.0
3.0
2.9999999999999996
2.9999999999999996
2.9999999999999996
2.9999999999999996
3.0
3.0
3.0
3.0
3.0
3.0
3.999999999999999
3.999999999999999
3.9999999999999987
3.999999999999999
3.999999999999999
2.999999999999999
2.999999999999998
2.9999999999999973
2.999999999999997
2.999999999999997
2.999999999999997
2.999999999999997
2.999999999999997
2.9999999999999973
2.9999999999999973
2.9999999999999973
2.9999999999999973
3.9999999999999973
2.9999999999999964
2.9999999999999964
2.9999999999999964
2.9999999999999964
2.9999999999999964
2.999999999999996
3.9999999999999964
3.9999999999999964
2.9999999999999964
2.9999999999999964
2.9999999999999964
2.9999999999999964
2.9999999999999964
2.9999999999999964
2.9999999999999964
2.9999999999999964
2.9999999999999964
2.9999999999999964
2.9999999999999964
2.9999999999999964
2.9999999999999964
2.9999999999999964
2.9999999999999964
2.9999999999999964
2.9999999999999964
3.999999999999996
3.999999999999996
3.999999999999996
3.999999999999996
3.999999999999996
3.9999999999999964
3.9999999999999964
3.9999999999999964
2.9999999999999964
2.9999999999999964
2.9999999999999964
2.9999999999999964
2.9999999999999964
2.9999999999999964
2.9999999999999964
2.9999999999999964
3.9999999999999964
3.9999999999999964
3.9999999999999964
2.9999999999999964
2.9999999999999964
3.9999999999999956
3.9999999999999956
3.9999999999999956
3.999999999999995
3.999999999999995
3.999999999999995
3.9999999999999956
3.9999999999999956
3.9999999999999956
3.9999999999999956
3.9999999999999956
3.9999999999999956
3.999999999999996
3.9999999999999956
3.9999999999999956
3.9999999999999956
3.9999999999999956
3.9999999999999956
3.9999999999999956
3.9999999999999956
3.9999999999999947
3.999999999999995
3.999999999999995
3.9999999999999964
3.9999999999999964
3.9999999999999964
3.999999999999997
3.9999999999999973
3.9999999999999964
3.999999999999996
3.9999999999999956
3.9999999999999956
3.9999999999999956
3.9999999999999956
3.9999999999999956
3.9999999999999956
3.9999999999999956
3.9999999999999956
3.999999999999995
3.999999999999995
3.9999999999999956
3.9999999999999956
3.9999999999999947
3.9999999999999947
3.9999999999999947
3.9999999999999947
3.9999999999999942
3.9999999999999942
3.9999999999999942
3.9999999999999942
3.999999999999994
3.999999999999994
3.999999999999994
3.999999999999994
3.999999999999994
3.999999999999994
3.999999999999994
3.999999999999994
3.999999999999994
3.999999999999994
3.999999999999994
3.999999999999994
3.999999999999994
3.999999999999994
3.999999999999994
3.999999999999994
3.999999999999994
3.999999999999994
3.999999999999994
3.999999999999994
3.999999999999994
3.999999999999994
3.9999999999999942
3.9999999999999942
3.999999999999994
3.999999999999994
3.999999999999994
3.9999999999999942
3.999999999999994
3.999999999999994
3.999999999999994
3.999999999999994
3.999999999999994
3.999999999999994
3.9999999999999947
3.9999999999999947
3.9999999999999947
3.9999999999999947
2.9999999999999942
2.9999999999999942
2.9999999999999942
2.9999999999999947
2.9999999999999947
2.9999999999999947
2.9999999999999947
2.9999999999999947
2.9999999999999947
2.9999999999999947
2.9999999999999947
2.9999999999999947
2.9999999999999947
2.9999999999999947
2.9999999999999956
2.9999999999999956
2.9999999999999956
2.9999999999999956
2.9999999999999956
2.9999999999999956
2.9999999999999956
2.9999999999999956
2.999999999999995
2.999999999999995
2.999999999999995
2.999999999999995
2.999999999999995
2.999999999999995
2.999999999999995
2.999999999999995
2.9999999999999956
2.9999999999999956
2.9999999999999956
2.9999999999999956
2.9999999999999947
2.9999999999999947
2.9999999999999947
2.9999999999999947
2.9999999999999947
2.9999999999999947
2.9999999999999942
2.9999999999999942
2.9999999999999947
2.9999999999999947
2.9999999999999947
2.9999999999999947
2.9999999999999947
2.9999999999999947
2.9999999999999947
2.9999999999999947
2.999999999999995
2.9999999999999947
2.9999999999999947
2.9999999999999947
2.9999999999999947
2.9999999999999947
2.9999999999999947
2.9999999999999947
2.9999999999999947
2.999999999999995
2.999999999999995
2.999999999999995
2.9999999999999956
2.9999999999999956
2.9999999999999956
2.9999999999999956
2.9999999999999956
2.999999999999995
2.999999999999995
2.999999999999995
2.999999999999995
2.9999999999999947
2.9999999999999947
2.9999999999999947
2.9999999999999947
2.9999999999999947
2.9999999999999947
2.9999999999999947
2.9999999999999942
2.9999999999999942
2.9999999999999942
2.9999999999999942
2.9999999999999942
2.9999999999999942
2.9999999999999942
2.999999999999994
2.999999999999994
2.999999999999994
2.999999999999994
2.9999999999999933
2.9999999999999933
2.9999999999999933
2.9999999999999933
2.999999999999993
2.999999999999993
2.999999999999993
2.999999999999992
2.999999999999992
2.9999999999999925
2.999999999999992
2.999999999999992
2.999999999999992
2.999999999999992
2.9999999999999925
2.9999999999999925
2.9999999999999925
2.9999999999999925
2.9999999999999925
2.9999999999999925
2.999999999999992
2.999999999999992
2.999999999999992
2.999999999999992
2.999999999999992
2.9999999999999925
2.9999999999999925
2.9999999999999925
2.999999999999993
2.999999999999993
2.999999999999993
2.999999999999993
2.999999999999993
2.999999999999993
2.999999999999993
2.999999999999993
2.9999999999999933
2.999999999999994
2.999999999999994
2.999999999999994
2.9999999999999933
2.9999999999999933
2.9999999999999933
2.9999999999999933
2.9999999999999933
2.9999999999999933
2.999999999999993
2.999999999999993
2.999999999999993
2.999999999999993
2.999999999999993
2.999999999999993
2.999999999999993
2.999999999999993
2.999999999999993
2.999999999999993
2.999999999999993
2.999999999999993
2.999999999999993
2.999999999999993
2.999999999999993
2.999999999999993
2.9999999999999925
2.999999999999992
2.999999999999992
2.999999999999992
2.999999999999992
2.999999999999992
2.999999999999992
2.999999999999992
2.999999999999993
2.999999999999993
3.999999999999993
3.999999999999993
3.999999999999993
2.999999999999993
2.999999999999993
2.999999999999993
2.999999999999993
2.999999999999993
2.9999999999999925
2.9999999999999925
2.9999999999999925
2.9999999999999925
2.9999999999999925
2.9999999999999925
2.9999999999999925
2.999999999999992
2.9999999999999916
2.9999999999999916
2.9999999999999916
2.9999999999999916
3.999999999999993
3.999999999999993
3.999999999999992
3.9999999999999925
3.9999999999999925
3.9999999999999925
3.999999999999993
3.999999999999993
3.9999999999999933
3.999999999999993
3.999999999999993
3.9999999999999933
3.9999999999999933
3.9999999999999933
3.9999999999999933
3.9999999999999933
3.9999999999999933
3.9999999999999933
3.9999999999999933
3.9999999999999933
3.9999999999999933
3.999999999999993
3.9999999999999947
3.9999999999999947
3.999999999999995
3.999999999999997
3.999999999999997
3.999999999999997
3.999999999999997
3.999999999999997
3.9999999999999964
3.9999999999999964
3.9999999999999964
3.9999999999999964
3.9999999999999964
3.9999999999999964
3.9999999999999964
3.9999999999999964
3.9999999999999964
3.9999999999999964
3.9999999999999964
3.9999999999999964
3.9999999999999956
3.999999999999996
3.9999999999999964
3.9999999999999964
3.9999999999999956
3.9999999999999956
3.9999999999999956
3.9999999999999956
3.9999999999999956
3.9999999999999956
3.9999999999999956
3.9999999999999956
3.9999999999999956
3.9999999999999956
3.9999999999999956
3.9999999999999956
3.9999999999999956
3.9999999999999956
3.9999999999999956
2.9999999999999956
2.9999999999999956
2.9999999999999956
3.9999999999999956
2.999999999999996
2.999999999999996
2.9999999999999964
2.9999999999999964
2.9999999999999964
2.9999999999999964
2.9999999999999964
2.9999999999999964
2.9999999999999964
2.9999999999999964
2.999999999999996
2.999999999999996
2.999999999999996
2.999999999999996
2.999999999999996
2.999999999999996
2.999999999999996
2.999999999999996
2.999999999999996
2.999999999999996
2.999999999999996
2.999999999999996
2.9999999999999964
2.9999999999999964
2.9999999999999964
2.9999999999999964
2.9999999999999964
2.9999999999999964
2.9999999999999964
2.9999999999999964
2.9999999999999964
2.9999999999999964
2.9999999999999964
2.9999999999999964
2.9999999999999964
2.9999999999999964
2.9999999999999964
2.999999999999996
2.999999999999996
2.999999999999996
2.999999999999996
2.999999999999996
2.999999999999996
2.999999999999996
2.999999999999996
2.999999999999996
2.999999999999996
2.999999999999996
2.999999999999996
2.999999999999996
2.999999999999996
2.9999999999999964
2.9999999999999964
2.999999999999997
2.9999999999999964
2.9999999999999964
2.999999999999999
2.999999999999999
2.9999999999999987
2.999999999999999
2.999999999999999
2.999999999999999
2.999999999999999
2.999999999999999
2.999999999999999
2.999999999999999
2.999999999999999
2.999999999999999
2.999999999999999
2.999999999999999
2.999999999999999
2.999999999999999
2.999999999999999
2.999999999999999
2.9999999999999987
2.9999999999999987
2.9999999999999987
2.9999999999999987
2.9999999999999987
2.9999999999999987
2.9999999999999982
2.999999999999998
2.999999999999998
2.999999999999998
2.999999999999998
2.999999999999998
2.999999999999998
2.999999999999998
2.999999999999998
2.999999999999998
2.999999999999998
2.999999999999998
2.999999999999998
2.999999999999998
2.999999999999998
2.999999999999998
2.999999999999998
2.999999999999998
2.999999999999998
2.9999999999999982
2.9999999999999982
2.9999999999999982
2.9999999999999982
2.9999999999999982
2.9999999999999982
2.9999999999999982
2.9999999999999982
2.9999999999999987
2.9999999999999987
2.9999999999999987
2.9999999999999987
2.9999999999999987
2.9999999999999987
2.9999999999999982
2.9999999999999982
2.999999999999999
2.999999999999999
2.999999999999999
2.999999999999999
2.999999999999999
2.999999999999999
2.999999999999999
2.9999999999999987
2.9999999999999964
2.9999999999999964
2.9999999999999964
2.9999999999999956
2.9999999999999956
2.9999999999999956
2.9999999999999956
2.999999999999995
2.9999999999999956
2.9999999999999956
2.9999999999999956
2.9999999999999956
2.9999999999999956
2.9999999999999956
2.9999999999999956
2.9999999999999956
2.9999999999999956
2.9999999999999956
2.9999999999999956
2.9999999999999956
2.9999999999999956
2.9999999999999956
2.999999999999996
2.999999999999996
2.999999999999996
2.9999999999999964
2.999999999999997
2.999999999999997
2.999999999999997
2.999999999999997
2.999999999999997
2.999999999999997
2.9999999999999964
2.9999999999999964
2.9999999999999964
2.9999999999999964
2.9999999999999973
2.9999999999999973
2.9999999999999973
2.999999999999998
2.9999999999999982
2.999999999999998
2.999999999999998
2.9999999999999982
2.9999999999999982
2.9999999999999982
2.9999999999999982
2.999999999999998
2.9999999999999982
2.9999999999999982
2.9999999999999982
2.9999999999999982
2.999999999999999
2.999999999999999
2.999999999999999
2.9999999999999996
3.0
3.0
3.0
3.0
3.0
2.9999999999999996
2.9999999999999996
3.0
2.9999999999999996
2.9999999999999996
2.9999999999999996
2.9999999999999996
3.9999999999999987
2.999999999999999
2.999999999999999
2.9999999999999987
2.999999999999999
2.9999999999999987
2.9999999999999996
2.9999999999999996
2.999999999999999
2.999999999999999
2.999999999999999
2.999999999999999
2.999999999999999
2.999999999999999
2.999999999999999
2.9999999999999987
2.9999999999999982
2.9999999999999982
2.9999999999999982
2.9999999999999982
2.9999999999999982
2.9999999999999982
2.9999999999999982
2.9999999999999982
2.999999999999998
2.999999999999998
2.999999999999998
2.9999999999999987
2.9999999999999987
2.999999999999999
2.999999999999999
2.999999999999999
2.999999999999999
2.9999999999999996
2.9999999999999996
2.9999999999999996
2.999999999999999
2.999999999999999
2.999999999999999
2.999999999999999
2.999999999999999
2.999999999999999
2.999999999999999
2.999999999999999
2.999999999999999
2.9999999999999996
2.9999999999999996
2.9999999999999996
2.9999999999999996
2.9999999999999996
2.9999999999999996
3.0
3.0
3.0
3.0
2.999999999999999
2.999999999999999
2.999999999999999
2.999999999999999
2.999999999999999
2.9999999999999987
2.9999999999999982
2.9999999999999987
2.999999999999999
2.9999999999999982
2.9999999999999982
2.9999999999999987
2.9999999999999987
2.9999999999999987
2.9999999999999987
2.9999999999999987
2.9999999999999987
2.9999999999999987
2.999999999999999
2.999999999999999
2.999999999999999
2.999999999999999
2.999999999999999
2.999999999999999
2.999999999999999
2.9999999999999987
2.9999999999999987
2.999999999999999
1.9999999999999987
2.9999999999999982
2.9999999999999982
3.9999999999999996
3.9999999999999996
4.0
3.0
4.0
4.0
4.0
4.0
4.000000000000003
4.0000000000000036
5.000000000000003
5.000000000000003
5.000000000000003
5.0000000000000036
5.000000000000004
5.000000000000004
5.000000000000004
5.000000000000004
5.0000000000000036
5.0000000000000036
5.0000000000000036
5.000000000000003
5.000000000000002
5.000000000000002
5.000000000000002
5.000000000000002
5.000000000000001
5.000000000000001
5.000000000000001
5.000000000000001
5.0
4.999999999999999
4.999999999999999
4.999999999999999
4.999999999999999
4.999999999999999
5.0
5.0
5.0
5.0
5.000000000000001
5.000000000000001
5.000000000000001
5.000000000000001
5.000000000000001
5.000000000000001
5.000000000000001
5.0
5.0
5.0
5.0
5.0
4.999999999999999
4.999999999999999
4.999999999999999
5.000000000000002
5.000000000000002
5.000000000000001
5.000000000000001
5.000000000000001
5.000000000000001
5.000000000000001
5.000000000000001
5.0
5.0
5.000000000000001
5.000000000000001
5.000000000000001
5.000000000000001
5.0
5.0
4.999999999999999
5.0
5.0
5.0
5.0
5.0
5.0
5.0
5.0
5.0
4.999999999999999
4.999999999999999
4.999999999999999
5.0
4.999999999999999
4.999999999999998
4.999999999999998
4.999999999999998
4.999999999999998
4.999999999999998
4.999999999999998
4.999999999999998
4.999999999999998
4.999999999999998
4.999999999999998
4.999999999999998
4.999999999999997
4.999999999999997
4.999999999999995
4.999999999999995
4.999999999999994
4.999999999999994
4.999999999999995
4.999999999999995
4.999999999999995
4.999999999999995
4.999999999999995
4.999999999999995
4.999999999999996
4.999999999999996
4.9999999999999964
4.9999999999999964
4.999999999999997
4.9999999999999964
4.9999999999999964
4.9999999999999964
4.999999999999996
4.999999999999996
4.999999999999996
4.9999999999999964
4.9999999999999964
4.9999999999999964
4.9999999999999964
4.9999999999999964
4.9999999999999964
4.999999999999996
4.999999999999996
4.999999999999996
4.999999999999996
4.999999999999995
4.999999999999996
4.999999999999996
4.999999999999996
4.999999999999996
4.999999999999996
4.999999999999996
4.999999999999996
4.999999999999996
4.999999999999996
4.999999999999996
4.999999999999996
4.999999999999996
4.999999999999996
4.999999999999996
4.999999999999997
4.999999999999998
4.999999999999998
4.999999999999998
4.999999999999998
4.999999999999998
4.999999999999998
4.999999999999998
4.999999999999998
4.999999999999998
4.999999999999998
4.999999999999998
4.999999999999999
5.0
5.0
4.999999999999999
4.999999999999999
4.999999999999999
4.999999999999998
4.999999999999997
4.999999999999997
4.999999999999997
4.999999999999997
4.999999999999998
4.999999999999999
4.999999999999999
4.999999999999999
4.999999999999999
4.999999999999999
4.999999999999999
4.999999999999999
4.999999999999999
4.999999999999999
4.999999999999999
4.999999999999999
4.999999999999999
4.999999999999999
4.999999999999999
4.999999999999998
4.999999999999998
4.999999999999998
4.999999999999998
4.999999999999999
4.999999999999999
4.999999999999999
4.999999999999998
4.999999999999998
4.999999999999997
4.999999999999997
4.999999999999997
4.999999999999997
4.999999999999997
4.999999999999997
4.999999999999997
4.999999999999997
4.999999999999997
4.999999999999997
4.999999999999997
4.999999999999997
4.999999999999998
4.999999999999998
4.999999999999998
4.999999999999998
4.999999999999998
4.999999999999998
4.999999999999998
4.999999999999998
4.999999999999998
4.999999999999998
4.999999999999998
4.999999999999998
4.999999999999998
4.999999999999998
4.999999999999998
4.999999999999998
4.999999999999998
4.999999999999998
4.999999999999998
4.999999999999998
4.999999999999998
4.999999999999998
4.999999999999998
4.999999999999997
4.999999999999997
4.999999999999998
4.999999999999998
4.999999999999998
4.999999999999998
4.999999999999998
4.999999999999998
4.999999999999998
4.999999999999998
4.999999999999998
4.999999999999997
4.999999999999997
4.999999999999997
4.999999999999997
4.999999999999997
4.9999999999999964
4.9999999999999964
4.9999999999999964
4.9999999999999964
4.9999999999999964
4.9999999999999964
4.999999999999996
4.999999999999996
4.999999999999996
4.999999999999996
4.999999999999994
4.999999999999994
4.999999999999993
4.999999999999994
3.9999999999999925
3.9999999999999933
3.999999999999994
3.999999999999994
3.999999999999994
3.999999999999994
3.999999999999994
3.999999999999994
3.999999999999994
3.999999999999994
3.9999999999999933
3.999999999999993
3.999999999999993
3.9999999999999933
3.999999999999994
3.999999999999994
3.999999999999994
3.999999999999994
3.999999999999994
3.999999999999994
3.999999999999994
3.9999999999999942
3.9999999999999942
3.9999999999999947
3.9999999999999947
3.9999999999999947
3.9999999999999947
3.999999999999995
3.999999999999995
3.999999999999995
3.9999999999999947
3.9999999999999947
3.9999999999999947
3.9999999999999947
3.999999999999995
3.9999999999999956
3.999999999999994
3.999999999999994
3.999999999999993
3.999999999999993
3.999999999999993
3.999999999999994
3.999999999999994
3.999999999999994
3.999999999999994
3.999999999999994
3.999999999999994
3.999999999999994
3.999999999999994
3.999999999999994
3.999999999999993
3.999999999999992
3.9999999999999925
3.9999999999999925
3.999999999999992
3.999999999999992
3.9999999999999916
3.9999999999999916
3.9999999999999916
3.9999999999999916
3.9999999999999925
3.9999999999999925
3.9999999999999925
3.9999999999999925
3.9999999999999925
3.999999999999992
3.9999999999999925
3.9999999999999925
3.9999999999999925
3.9999999999999925
3.9999999999999925
3.9999999999999925
3.9999999999999925
3.9999999999999933
3.9999999999999933
3.9999999999999933
3.9999999999999933
3.999999999999994
3.9999999999999942
3.9999999999999942
3.9999999999999942
3.9999999999999956
3.9999999999999956
3.9999999999999956
3.9999999999999956
3.9999999999999956
3.9999999999999956
3.9999999999999956
3.9999999999999956
3.9999999999999956
3.9999999999999956
3.999999999999995
3.999999999999995
3.999999999999995
3.9999999999999947
3.9999999999999947
3.999999999999994
3.9999999999999942
3.9999999999999942
3.9999999999999942
3.9999999999999947
3.9999999999999947
3.9999999999999947
3.9999999999999947
3.999999999999995
3.999999999999995
3.999999999999995
3.9999999999999956
3.9999999999999956
3.9999999999999956
3.9999999999999956
3.999999999999996
3.999999999999996
3.999999999999996
3.999999999999996
3.999999999999996
3.9999999999999956
3.999999999999996
3.999999999999996
3.9999999999999964
3.9999999999999964
3.9999999999999964
3.9999999999999964
3.9999999999999964
3.999999999999997
3.999999999999996
3.999999999999996
2.9999999999999964
2.9999999999999964
2.9999999999999964
2.9999999999999964
2.9999999999999964
2.9999999999999964
2.9999999999999964
2.999999999999996
2.999999999999996
2.999999999999996
2.999999999999996
2.999999999999996
2.9999999999999964
2.9999999999999964
2.9999999999999964
2.9999999999999964
2.9999999999999964
2.9999999999999964
2.9999999999999964
2.9999999999999964
2.9999999999999964
2.9999999999999964
2.9999999999999964
3.999999999999997
3.999999999999997
3.9999999999999973
3.9999999999999973
3.9999999999999973
3.9999999999999973
3.9999999999999973
3.9999999999999973
3.9999999999999973
3.9999999999999973
3.999999999999998
3.9999999999999982
3.999999999999998
3.999999999999998
3.999999999999998
3.999999999999998
3.999999999999998
3.999999999999998
3.999999999999998
3.999999999999998
3.9999999999999982
3.9999999999999982
3.9999999999999982
3.999999999999998
3.999999999999998
3.999999999999998
3.999999999999998
3.999999999999998
3.9999999999999982
3.9999999999999982
3.9999999999999982
3.9999999999999982
3.9999999999999982
3.999999999999999
3.999999999999999
3.999999999999999
3.999999999999999
3.9999999999999987
3.9999999999999982
3.9999999999999982
3.9999999999999982
3.9999999999999982
3.9999999999999973
3.9999999999999973
3.9999999999999973
3.9999999999999973
3.9999999999999973
3.999999999999998
3.999999999999998
3.999999999999998
3.999999999999998
3.999999999999998
3.999999999999998
3.9999999999999964
3.9999999999999956
3.9999999999999956
3.9999999999999956
3.9999999999999956
3.9999999999999956
3.9999999999999956
3.9999999999999956
3.9999999999999956
3.9999999999999956
3.9999999999999956
3.9999999999999956
3.9999999999999956
3.9999999999999956
3.9999999999999956
3.9999999999999956
3.9999999999999964
3.9999999999999964
3.999999999999996
3.999999999999996
3.999999999999996
3.999999999999995
3.999999999999995
3.9999999999999956
3.999999999999996
2.9999999999999956
2.9999999999999956
2.9999999999999956
2.9999999999999956
2.9999999999999956
2.9999999999999956
2.9999999999999956
2.9999999999999956
2.9999999999999956
1.999999999999997
1.9999999999999967
1.9999999999999967
1.9999999999999967
1.9999999999999967
1.999999999999997
1.999999999999997
1.999999999999997
1.999999999999997
1.999999999999997
1.999999999999997
1.999999999999997
1.999999999999997
1.999999999999997
1.999999999999997
1.999999999999997
1.9999999999999967
1.9999999999999967
1.9999999999999967
1.9999999999999967
1.9999999999999967
1.9999999999999967
1.9999999999999964
1.9999999999999964
1.9999999999999964
1.9999999999999964
1.9999999999999964
1.9999999999999964
1.9999999999999962
1.9999999999999964
1.9999999999999964
1.9999999999999964
1.999999999999996
1.999999999999996
1.999999999999996
1.9999999999999976
1.9999999999999976
1.9999999999999973
1.9999999999999973
1.9999999999999973
1.9999999999999971
1.9999999999999971
1.9999999999999973
1.9999999999999971
1.9999999999999971
1.9999999999999973
1.9999999999999976
1.9999999999999976
1.9999999999999976
1.9999999999999976
1.9999999999999978
1.9999999999999978
1.9999999999999978
1.9999999999999978
1.9999999999999978
1.9999999999999978
1.9999999999999978
1.9999999999999973
1.9999999999999973
1.9999999999999973
1.9999999999999971
1.9999999999999971
1.999999999999997
1.999999999999997
1.999999999999997
1.999999999999997
1.9999999999999967
1.9999999999999964
1.9999999999999962
1.9999999999999962
1.9999999999999964
1.9999999999999964
1.9999999999999964
1.9999999999999964
1.9999999999999964
1.9999999999999964
1.9999999999999964
1.9999999999999964
1.9999999999999964
1.9999999999999964
1.9999999999999964
1.9999999999999976
1.9999999999999973
1.9999999999999976
1.9999999999999976
1.9999999999999976
1.9999999999999978
1.999999999999998
1.9999999999999978
1.9999999999999978
1.9999999999999978
1.9999999999999978
1.9999999999999978
1.9999999999999978
1.9999999999999978
1.999999999999998
1.999999999999998
1.999999999999998
1.999999999999998
1.9999999999999982
1.9999999999999987
1.999999999999999
1.999999999999999
1.9999999999999982
1.9999999999999982
2.9999999999999982
2.9999999999999982
1.9999999999999976
1.9999999999999978
1.999999999999998
1.9999999999999982
1.999999999999998
1.999999999999998
1.999999999999998
1.999999999999998
1.999999999999998
1.9999999999999973
1.9999999999999973
1.9999999999999973
1.9999999999999973
1.9999999999999976
1.9999999999999971
1.9999999999999971
1.999999999999997
1.999999999999997
1.999999999999997
1.999999999999997
1.999999999999997
1.9999999999999971
1.999999999999997
1.9999999999999973
1.9999999999999973
1.9999999999999973
1.9999999999999973
1.9999999999999973
1.9999999999999973
1.9999999999999973
1.9999999999999973
1.9999999999999973
1.999999999999997
1.999999999999997
1.9999999999999964
1.9999999999999964
1.9999999999999964
1.9999999999999964
1.9999999999999967
1.9999999999999967
1.9999999999999964
1.9999999999999964
1.9999999999999964
1.9999999999999962
1.999999999999996
1.9999999999999956
1.9999999999999951
1.9999999999999951
1.9999999999999951
1.9999999999999951
1.9999999999999951
1.9999999999999951
1.9999999999999951
1.999999999999995
1.999999999999995
1.999999999999995
1.9999999999999951
1.9999999999999951
1.9999999999999951
1.9999999999999951
1.9999999999999951
1.9999999999999947
1.9999999999999947
2.9999999999999942
2.9999999999999942
2.999999999999994
1.999999999999994
1.9999999999999942
1.9999999999999942
1.9999999999999942
1.9999999999999942
1.9999999999999942
1.9999999999999942
1.9999999999999942
1.9999999999999944
1.9999999999999944
1.9999999999999944
1.9999999999999944
1.9999999999999944
1.9999999999999947
1.9999999999999947
1.9999999999999947
1.9999999999999947
1.9999999999999944
1.9999999999999944
2.9999999999999947
2.9999999999999947
2.9999999999999947
2.9999999999999947
2.9999999999999947
2.9999999999999947
2.9999999999999947
2.9999999999999947
2.9999999999999947
2.9999999999999947
2.9999999999999947
2.9999999999999947
2.9999999999999947
2.9999999999999947
2.9999999999999947
2.9999999999999947
2.9999999999999947
2.9999999999999947
2.9999999999999947
2.9999999999999947
2.9999999999999947
3.9999999999999956
3.9999999999999956
2.9999999999999964
2.9999999999999964
2.9999999999999964
3.9999999999999956
2.9999999999999964
2.9999999999999964
2.999999999999997
2.999999999999997
2.999999999999997
2.999999999999997
2.9999999999999973
1.9999999999999976
1.9999999999999976
1.9999999999999976
1.9999999999999976
2.9999999999999982
1.999999999999998
1.999999999999998
1.9999999999999976
1.9999999999999976
1.9999999999999978
1.9999999999999978
1.9999999999999978
1.9999999999999978
1.9999999999999978
1.9999999999999978
1.9999999999999978
1.9999999999999978
1.999999999999998
2.9999999999999987
2.9999999999999982
3.9999999999999982
2.9999999999999987
2.9999999999999982
2.9999999999999982
2.9999999999999982
2.9999999999999982
2.9999999999999982
2.999999999999998
2.999999999999998
2.999999999999998
2.9999999999999982
2.9999999999999982
2.9999999999999982
2.9999999999999982
2.9999999999999987
2.9999999999999987
2.9999999999999982
2.9999999999999982
2.999999999999999
2.9999999999999987
2.9999999999999987
2.9999999999999987
2.9999999999999987
2.9999999999999987
3.9999999999999987
3.9999999999999987
3.9999999999999987
3.9999999999999987
3.9999999999999987
3.9999999999999987
3.9999999999999982
3.999999999999998
3.999999999999998
3.999999999999998
3.999999999999998
3.999999999999998
3.999999999999998
3.9999999999999973
3.9999999999999973
3.9999999999999973
3.999999999999998
3.999999999999998
3.9999999999999973
3.999999999999998
3.999999999999998
3.999999999999998
3.999999999999998
3.9999999999999973
3.9999999999999973
3.9999999999999973
3.999999999999997
3.9999999999999964
3.9999999999999964
3.9999999999999964
3.9999999999999964
3.9999999999999956
3.999999999999995
3.999999999999995
3.999999999999995
3.999999999999995
3.999999999999995
3.999999999999995
3.999999999999995
3.9999999999999956
3.9999999999999956
3.9999999999999956
3.9999999999999956
3.9999999999999956
3.999999999999995
3.999999999999995
3.9999999999999956
3.9999999999999956
3.9999999999999956
3.999999999999996
3.999999999999996
3.999999999999996
3.999999999999996
3.999999999999996
3.999999999999996
3.999999999999996
3.999999999999996
3.9999999999999964
3.9999999999999964
3.9999999999999956
3.999999999999995
3.999999999999995
3.9999999999999956
3.9999999999999947
3.9999999999999947
3.999999999999993
3.9999999999999907
3.9999999999999907
3.9999999999999907
3.9999999999999907
3.9999999999999907
3.9999999999999907
3.9999999999999885
3.9999999999999885
3.9999999999999885
3.9999999999999885
3.999999999999989
3.999999999999989
3.999999999999989
3.999999999999989
3.999999999999989
3.999999999999989
3.999999999999989
3.9999999999999893
3.9999999999999893
3.9999999999999893
3.9999999999999893
3.9999999999999893
3.9999999999999893
3.9999999999999893
3.9999999999999893
3.9999999999999893
3.9999999999999893
3.9999999999999893
3.99999999999999
3.99999999999999
3.99999999999999
3.99999999999999
3.9999999999999902
3.9999999999999902
3.9999999999999902
3.9999999999999902
3.9999999999999902
3.9999999999999902
3.9999999999999902
3.9999999999999902
3.9999999999999902
3.9999999999999902
3.99999999999999
3.99999999999999
3.99999999999999
3.99999999999999
3.99999999999999
3.99999999999999
3.99999999999999
3.9999999999999902
3.9999999999999902
3.9999999999999902
3.9999999999999902
3.9999999999999907
3.9999999999999907
3.9999999999999907
3.9999999999999907
3.9999999999999907
3.9999999999999907
3.9999999999999907
3.999999999999991
3.999999999999991
3.999999999999991
3.999999999999991
3.999999999999991
3.9999999999999902
3.9999999999999902
3.9999999999999907
3.99999999999999
3.9999999999999893
3.9999999999999902
3.9999999999999902
3.99999999999999
3.99999999999999
3.999999999999991
3.9999999999999902
3.9999999999999902
3.9999999999999902
3.9999999999999902
3.99999999999999
3.99999999999999
3.9999999999999902
3.9999999999999902
3.9999999999999902
3.9999999999999902
3.9999999999999902
3.9999999999999902
3.9999999999999902
3.9999999999999902
3.9999999999999902
3.9999999999999902
3.9999999999999902
3.9999999999999907
3.999999999999991
3.999999999999991
3.999999999999991
3.999999999999991
3.9999999999999916
3.9999999999999916
3.9999999999999916
3.9999999999999925
3.9999999999999925
3.9999999999999925
3.999999999999993
3.999999999999993
3.9999999999999933
3.9999999999999933
3.9999999999999933
3.9999999999999933
3.999999999999993
3.9999999999999925
3.9999999999999925
3.9999999999999925
3.9999999999999925
2.999999999999993
2.9999999999999933
2.999999999999994
2.999999999999994
3.999999999999994
3.9999999999999947
3.9999999999999947
3.9999999999999947
3.9999999999999947
3.9999999999999947
3.9999999999999947
3.9999999999999947
3.9999999999999947
3.9999999999999947
3.9999999999999947
3.9999999999999947
3.9999999999999942
3.9999999999999942
3.9999999999999942
3.9999999999999942
3.9999999999999947
3.9999999999999947
3.9999999999999947
3.9999999999999947
3.9999999999999947
3.9999999999999956
3.9999999999999956
3.9999999999999956
3.999999999999996
3.999999999999996
3.999999999999996
3.9999999999999956
3.9999999999999956
3.9999999999999947
3.9999999999999947
3.9999999999999947
3.999999999999995
3.999999999999995
3.999999999999996
3.999999999999996
3.9999999999999964
3.999999999999997
3.999999999999997
3.999999999999998
3.999999999999998
3.999999999999998
3.999999999999998
3.999999999999998
3.9999999999999982
3.999999999999998
3.9999999999999982
3.9999999999999982
3.9999999999999982
3.9999999999999982
3.9999999999999982
3.9999999999999982
3.9999999999999973
3.999999999999998
3.999999999999998
3.9999999999999982
3.9999999999999982
3.9999999999999973
3.9999999999999982
3.9999999999999982
3.9999999999999987
4.0
4.0
4.0
4.0
4.0
2.9999999999999996
2.9999999999999996
3.0
3.0
2.9999999999999996
2.9999999999999996
2.999999999999999
2.999999999999999
2.999999999999999
2.999999999999999
2.999999999999999
2.999999999999999
3.0
2.9999999999999996
2.999999999999999
2.9999999999999987
2.9999999999999987
2.9999999999999987
2.999999999999999
2.999999999999998
2.999999999999998
2.999999999999998
2.999999999999998
2.9999999999999982
2.9999999999999987
2.9999999999999987
2.9999999999999987
2.9999999999999987
2.999999999999999
2.999999999999999
2.999999999999999
2.999999999999999
2.999999999999999
2.999999999999999
2.999999999999999
2.999999999999999
2.999999999999999
2.999999999999999
2.999999999999999
2.999999999999999
2.999999999999999
2.999999999999999
2.999999999999999
2.999999999999999
2.999999999999999
2.999999999999999
2.9999999999999996
2.9999999999999996
2.9999999999999996
2.9999999999999996
2.9999999999999996
2.999999999999999
2.999999999999999
2.999999999999999
2.999999999999999
2.999999999999999
2.999999999999999
2.999999999999999
2.999999999999999
2.999999999999999
2.999999999999999
2.999999999999999
2.999999999999999
2.999999999999999
2.999999999999999
2.999999999999999
2.999999999999999
2.999999999999999
2.9999999999999987
2.999999999999999
2.999999999999999
2.999999999999999
2.9999999999999996
2.9999999999999996
2.9999999999999996
2.9999999999999996
2.9999999999999996
2.9999999999999996
2.9999999999999996
2.999999999999999
2.999999999999999
3.0000000000000004
2.0000000000000004
2.0000000000000004
2.0000000000000004
2.0000000000000004
2.0000000000000004
2.0000000000000004
2.0000000000000004
2.000000000000001
2.000000000000001
2.000000000000001
2.000000000000001
2.000000000000001
2.000000000000001
2.000000000000001
2.000000000000001
2.000000000000001
2.000000000000001
2.000000000000001
2.000000000000001
2.000000000000001
2.000000000000001
2.000000000000001
2.000000000000001
3.000000000000001
2.0000000000000013
2.0000000000000013
2.0000000000000013
2.0000000000000013
2.0000000000000013
2.0000000000000013
2.0000000000000018
2.0000000000000018
2.0000000000000018
2.0000000000000013
2.0000000000000013
2.0000000000000013
2.0000000000000013
2.0000000000000013
2.0000000000000013
2.0000000000000013
2.0000000000000013
2.0000000000000018
2.0000000000000018
2.0000000000000018
3.0000000000000013
3.0000000000000013
2.0000000000000018
3.0000000000000018
3.0000000000000018
3.000000000000002
3.000000000000002
3.0000000000000018
3.0000000000000018
3.0000000000000018
3.0000000000000018
3.0000000000000018
3.0000000000000018
3.0000000000000018
3.0000000000000018
3.0000000000000018
3.0000000000000018
3.0000000000000018
3.0000000000000018
3.0000000000000018
3.0000000000000018
3.0000000000000018
3.0000000000000018
3.0000000000000018
3.0000000000000018
3.0000000000000018
3.0000000000000018
3.0000000000000018
3.0000000000000018
3.0000000000000018
3.0000000000000018
3.0000000000000018
3.0000000000000018
3.0000000000000018
3.0000000000000018
3.0000000000000018
3.0000000000000027
3.0000000000000027
3.0000000000000027
3.0000000000000027
3.0000000000000027
3.0000000000000027
3.000000000000003
3.0000000000000027
3.0000000000000018
3.0000000000000018
3.0000000000000018
3.0000000000000018
3.0000000000000018
3.0000000000000018
3.0000000000000013
3.0000000000000013
3.0000000000000013
3.0000000000000013
3.0000000000000013
3.000000000000001
3.000000000000001
3.000000000000001
3.000000000000001
3.0000000000000018
3.0000000000000018
3.0000000000000018
3.000000000000002
3.000000000000002
3.000000000000002
3.000000000000002
3.000000000000002
3.000000000000002
3.000000000000002
3.000000000000002
3.0000000000000018
3.0000000000000018
3.0000000000000018
3.0000000000000018
3.0000000000000018
3.0000000000000018
3.0000000000000018
3.0000000000000018
3.0000000000000018
3.0000000000000018
3.0000000000000018
3.0000000000000018
3.0000000000000018
3.0000000000000018
3.000000000000002
3.000000000000002
3.000000000000002
3.0000000000000027
3.0000000000000027
3.0000000000000027
3.0000000000000027
3.0000000000000027
2.000000000000002
2.000000000000002
2.0000000000000027
2.0000000000000027
2.0000000000000027
2.0000000000000027
2.0000000000000036
2.0000000000000036
2.0000000000000036
2.0000000000000036
2.0000000000000036
2.0000000000000036
2.0000000000000036
2.0000000000000036
2.0000000000000036
3.0000000000000036
3.0000000000000036
3.0000000000000036
3.0000000000000036
3.0000000000000036
3.0000000000000036
3.0000000000000036
3.0000000000000036
2.000000000000003
2.000000000000003
2.000000000000003
1.000000000000003
1.000000000000003
1.000000000000003
1.000000000000003
1.000000000000003
1.000000000000003
1.000000000000003
1.000000000000003
1.000000000000003
1.000000000000003
1.000000000000003
1.000000000000003
1.000000000000003
1.000000000000003
1.000000000000003
1.000000000000003
1.000000000000003
2.000000000000003
2.0000000000000036
2.000000000000004
2.000000000000004
2.0000000000000044
2.0000000000000044
2.0000000000000044
2.0000000000000044
2.0000000000000044
2.0000000000000044
2.0000000000000044
2.0000000000000044
2.0000000000000044
2.000000000000005
2.000000000000005
2.000000000000005
2.000000000000005
2.000000000000005
2.000000000000005
3.0000000000000044
3.0000000000000053
3.0000000000000044
3.0000000000000044
3.0000000000000044
3.0000000000000044
3.0000000000000044
3.000000000000004
3.000000000000004
3.000000000000004
3.000000000000004
3.000000000000004
3.000000000000004
3.000000000000004
3.000000000000004
3.000000000000004
3.000000000000004
3.000000000000004
3.000000000000004
3.000000000000004
3.000000000000004
3.000000000000004
3.000000000000004
3.000000000000004
3.000000000000004
3.000000000000004
3.000000000000004
3.000000000000004
3.000000000000004
3.000000000000004
3.000000000000004
3.000000000000004
3.000000000000004
3.000000000000004
3.000000000000004
3.000000000000004
3.000000000000004
3.000000000000004
3.000000000000004
3.000000000000004
3.000000000000004
3.000000000000004
3.000000000000004
3.000000000000004
3.000000000000004
3.0000000000000036
3.0000000000000036
3.0000000000000036
3.0000000000000036
3.0000000000000027
3.0000000000000027
3.000000000000003
3.000000000000003
3.000000000000003
3.000000000000003
3.000000000000003
3.000000000000003
3.000000000000003
3.0000000000000018
3.0000000000000018
3.000000000000002
3.0000000000000018
3.0000000000000018
3.0000000000000018
3.0000000000000018
3.0000000000000018
3.0000000000000018
3.0000000000000018
3.0000000000000018
3.0000000000000018
3.000000000000002
3.000000000000002
3.000000000000002
3.000000000000002
3.0000000000000018
3.0000000000000018
3.0000000000000018
3.0000000000000018
3.0000000000000018
3.0000000000000018
3.000000000000002
3.000000000000002
3.000000000000002
3.000000000000002
3.000000000000002
3.0000000000000013
3.000000000000001
3.000000000000001
3.000000000000001
3.000000000000001
3.000000000000001
3.000000000000001
3.000000000000001
3.000000000000001
3.000000000000001
3.000000000000001
3.0000000000000013
4.000000000000002
4.000000000000002
4.000000000000002
4.000000000000003
4.0000000000000036
4.000000000000004
5.000000000000004
5.000000000000004
5.000000000000004
5.0000000000000036
5.0000000000000036
5.0000000000000036
5.0000000000000036
5.0000000000000036
5.0000000000000036
5.0000000000000036
5.0000000000000036
5.000000000000003
5.000000000000003
5.000000000000003
5.000000000000003
5.000000000000003
5.000000000000003
5.000000000000003
5.000000000000003
5.000000000000003
5.000000000000003
5.000000000000003
5.000000000000003
5.000000000000003
5.000000000000003
5.000000000000003
5.000000000000003
5.000000000000003
5.000000000000003
5.000000000000003
5.000000000000003
5.000000000000003
5.000000000000003
5.000000000000003
5.000000000000003
5.000000000000003
5.000000000000003
5.000000000000003
5.000000000000003
5.000000000000003
5.000000000000003
5.000000000000003
5.000000000000003
5.000000000000003
5.000000000000003
5.000000000000003
5.000000000000003
5.000000000000003
5.000000000000003
5.000000000000003
5.000000000000003
5.000000000000003
5.0000000000000036
5.0000000000000036
5.0000000000000036
5.0000000000000036
5.0000000000000036
5.0000000000000036
5.0000000000000036
5.0000000000000036
5.0000000000000036
5.0000000000000036
5.0000000000000036
5.0000000000000036
5.0000000000000036
5.0000000000000036
5.0000000000000036
5.000000000000004
5.000000000000004
5.0000000000000036
4.000000000000001
4.000000000000001
4.000000000000001
4.000000000000001
4.000000000000001
4.000000000000001
4.000000000000001
4.000000000000001
4.000000000000001
4.000000000000001
4.000000000000001
3.000000000000001
3.0000000000000004
3.0
3.0000000000000004
3.0
3.0
3.0
4.0
3.0
3.0
3.0
3.0
3.0
3.0
2.9999999999999996
2.9999999999999996
2.9999999999999996
2.9999999999999996
2.9999999999999996
2.9999999999999996
4.0
4.0
4.0
3.0000000000000004
3.000000000000001
4.000000000000001
4.000000000000001
4.000000000000001
4.000000000000001
4.000000000000001
4.000000000000001
5.000000000000002
5.000000000000002
5.000000000000001
5.000000000000001
5.0
5.0
5.0
4.000000000000002
4.000000000000002
4.000000000000002
4.000000000000001
4.0
4.0
4.0
4.0
4.0
4.0
4.0
4.0
4.0
4.0
3.9999999999999996
3.9999999999999996
3.999999999999999
3.999999999999999
3.999999999999999
3.999999999999999
3.999999999999999
4.0
3.9999999999999987
3.999999999999998
3.999999999999998
3.9999999999999982
3.9999999999999982
3.9999999999999982
3.9999999999999982
3.9999999999999982
3.9999999999999982
3.9999999999999987
3.999999999999998
4.999999999999997
4.999999999999996
4.999999999999996
4.999999999999996
4.9999999999999964
3.999999999999998
3.999999999999998
3.999999999999998
3.999999999999998
3.9999999999999973
3.9999999999999973
3.9999999999999973
3.9999999999999973
3.9999999999999973
3.9999999999999973
3.999999999999997
3.999999999999997
3.999999999999997
3.9999999999999973
3.9999999999999973
3.999999999999996
3.9999999999999956
3.999999999999996
3.999999999999996
3.9999999999999964
3.9999999999999964
3.9999999999999964
3.999999999999997
3.999999999999997
3.999999999999997
3.999999999999997
3.999999999999997
3.999999999999997
3.999999999999997
3.999999999999997
3.999999999999997
3.999999999999997
3.999999999999997
3.999999999999997
3.999999999999997
3.9999999999999947
3.9999999999999947
3.9999999999999947
3.9999999999999947
3.9999999999999947
3.9999999999999947
3.9999999999999942
3.999999999999995
3.999999999999993
3.999999999999993
3.999999999999993
3.9999999999999933
3.9999999999999933
3.9999999999999933
3.999999999999994
3.999999999999994
3.999999999999994
3.999999999999994
3.999999999999994
3.999999999999994
3.9999999999999942
3.9999999999999942
3.9999999999999942
3.9999999999999942
3.9999999999999942
3.9999999999999942
3.999999999999994
3.9999999999999933
3.9999999999999925
3.9999999999999925
3.999999999999993
3.999999999999993
3.999999999999993
3.999999999999993
3.9999999999999933
3.999999999999993
3.999999999999993
3.999999999999993
3.999999999999993
3.999999999999993
3.999999999999993
3.9999999999999933
3.9999999999999933
3.999999999999994
3.999999999999994
3.999999999999994
3.999999999999994
3.999999999999994
3.9999999999999933
3.9999999999999933
3.9999999999999933
3.999999999999994
3.999999999999994
3.999999999999994
3.999999999999994
3.999999999999993
3.999999999999993
3.999999999999993
3.9999999999999942
3.999999999999994
3.999999999999994
3.999999999999994
3.999999999999994
3.999999999999994
3.999999999999994
3.9999999999999933
3.9999999999999925
3.999999999999993
3.999999999999993
3.9999999999999933
3.9999999999999933
3.9999999999999933
3.9999999999999933
3.9999999999999933
3.9999999999999933
3.9999999999999933
3.9999999999999933
3.9999999999999933
3.9999999999999933
3.999999999999994
3.9999999999999942
3.9999999999999942
3.9999999999999942
3.9999999999999942
3.9999999999999942
3.9999999999999942
3.9999999999999942
3.9999999999999942
3.9999999999999947
3.9999999999999947
3.9999999999999947
3.999999999999994
3.999999999999994
3.999999999999994
3.999999999999994
3.9999999999999942
3.9999999999999942
3.9999999999999942
3.9999999999999942
3.9999999999999942
3.9999999999999942
3.9999999999999942
3.9999999999999942
3.999999999999994
3.999999999999993
3.999999999999992
3.999999999999992
3.999999999999992
3.9999999999999925
3.9999999999999925
3.999999999999992
3.999999999999991
3.999999999999991
3.999999999999991
3.999999999999991
3.999999999999991
3.9999999999999907
3.9999999999999902
3.9999999999999902
3.9999999999999902
3.9999999999999916
3.9999999999999916
3.9999999999999916
3.9999999999999916
3.9999999999999916
3.999999999999993
3.999999999999993
3.999999999999993
3.999999999999993
3.999999999999993
3.999999999999993
3.999999999999993
3.9999999999999925
3.999999999999992
3.999999999999992
3.999999999999992
3.999999999999992
3.9999999999999925
3.999999999999992
3.999999999999992
3.9999999999999916
3.9999999999999916
3.9999999999999916
3.9999999999999916
3.9999999999999916
3.9999999999999916
2.9999999999999893
2.9999999999999893
2.999999999999989
2.999999999999989
2.999999999999989
2.999999999999989
2.999999999999989
2.999999999999989
2.999999999999989
2.9999999999999893
2.9999999999999893
2.9999999999999893
2.9999999999999893
2.9999999999999893
3.99999999999999
2.999999999999989
2.9999999999999893
2.9999999999999893
2.9999999999999893
2.9999999999999893
2.9999999999999893
2.9999999999999893
4.9999999999999885
1.9999999999999865
1.9999999999999867
1.9999999999999867
2.9999999999999867
2.9999999999999867
2.9999999999999867
2.9999999999999867
2.9999999999999867
2.9999999999999867
2.9999999999999867
2.9999999999999867
2.999999999999986
2.999999999999986
2.999999999999986
2.999999999999986
2.999999999999986
2.9999999999999862
2.999999999999986
2.999999999999986
2.999999999999986
2.999999999999986
2.999999999999986
2.9999999999999867
2.9999999999999867
2.999999999999987
2.999999999999987
2.9999999999999876
2.9999999999999876
2.9999999999999862
2.9999999999999862
2.9999999999999862
2.9999999999999867
2.9999999999999862
2.9999999999999862
2.9999999999999862
2.9999999999999862
2.9999999999999862
2.9999999999999876
2.9999999999999876
2.9999999999999876
2.9999999999999876
2.9999999999999876
2.9999999999999867
1.9999999999999862
1.9999999999999862
1.9999999999999862
1.9999999999999858
1.9999999999999862
1.9999999999999862
1.9999999999999862
1.9999999999999862
1.9999999999999862
1.9999999999999862
1.9999999999999862
1.9999999999999862
1.9999999999999862
1.9999999999999867
1.9999999999999862
1.9999999999999862
1.9999999999999862
1.9999999999999862
1.999999999999986
1.999999999999986
1.999999999999986
1.999999999999986
1.9999999999999856
1.9999999999999858
1.9999999999999858
1.9999999999999853
1.9999999999999856
1.9999999999999858
2.9999999999999862
2.9999999999999862
1.9999999999999867
1.9999999999999865
1.9999999999999865
1.999999999999986
0.999999999999986
0.999999999999986
1.9999999999999858
1.9999999999999858
1.9999999999999858
1.9999999999999858
1.9999999999999858
1.999999999999986
1.9999999999999862
2.999999999999986
2.999999999999986
2.999999999999986
2.999999999999986
3.9999999999999867
3.999999999999988
3.999999999999989
3.999999999999989
3.999999999999989
3.999999999999988
3.999999999999988
3.999999999999988
3.999999999999988
3.999999999999988
3.999999999999988
3.999999999999988
3.999999999999988
3.9999999999999885
3.9999999999999885
3.9999999999999885
3.999999999999989
3.999999999999989
3.999999999999989
3.999999999999989
3.999999999999989
3.9999999999999893
3.9999999999999893
3.999999999999989
3.999999999999989
3.999999999999989
3.999999999999989
3.999999999999989
3.999999999999989
3.999999999999989
3.999999999999989
3.999999999999989
3.999999999999989
3.999999999999989
3.999999999999989
3.999999999999989
3.9999999999999885
3.9999999999999885
3.9999999999999885
3.999999999999984
3.999999999999984
3.9999999999999836
3.999999999999984
3.9999999999999836
3.9999999999999836
3.9999999999999836
3.9999999999999836
3.9999999999999845
3.9999999999999845
3.9999999999999845
3.9999999999999845
3.999999999999984
3.999999999999984
3.9999999999999845
2.999999999999984
2.999999999999984
2.999999999999984
2.999999999999984
2.9999999999999836
2.9999999999999836
2.9999999999999836
2.9999999999999836
2.9999999999999836
2.9999999999999836
3.999999999999983
3.999999999999983
3.9999999999999822
3.9999999999999822
3.9999999999999822
3.9999999999999827
2.9999999999999827
2.999999999999983
2.9999999999999836
2.9999999999999836
2.9999999999999836
2.9999999999999836
2.9999999999999836
2.999999999999983
2.999999999999983
2.9999999999999836
3.999999999999984
3.999999999999984
3.999999999999984
3.999999999999984
3.999999999999985
3.999999999999985
3.999999999999985
3.999999999999985
3.999999999999985
3.999999999999984
3.999999999999984
3.999999999999984
3.999999999999984
3.9999999999999845
3.9999999999999845
3.999999999999985
3.999999999999985
3.999999999999985
3.9999999999999845
3.999999999999984
3.999999999999984
3.999999999999984
3.999999999999984
3.999999999999984
3.999999999999984
3.999999999999984
3.999999999999984
3.999999999999984
3.9999999999999845
3.9999999999999845
3.9999999999999845
3.9999999999999845
3.9999999999999845
3.999999999999984
3.999999999999984
3.999999999999984
3.999999999999984
3.9999999999999836
3.9999999999999827
3.999999999999983
3.999999999999983
3.9999999999999836
3.9999999999999836
3.999999999999985
2.999999999999983
2.999999999999983
2.9999999999999836
3.999999999999984
3.999999999999984
3.999999999999984
3.999999999999984
3.999999999999983
3.9999999999999822
3.9999999999999822
3.9999999999999822
3.999999999999982
3.9999999999999813
3.9999999999999822
3.9999999999999822
3.999999999999982
3.9999999999999805
3.9999999999999805
3.9999999999999805
3.9999999999999805
3.9999999999999805
3.9999999999999805
3.999999999999982
3.9999999999999827
3.9999999999999822
3.999999999999983
3.999999999999983
3.999999999999983
3.9999999999999827
3.9999999999999822
3.999999999999982
3.999999999999982
3.9999999999999813
3.9999999999999813
3.999999999999981
3.999999999999981
3.999999999999981
3.9999999999999805
3.9999999999999805
3.9999999999999805
3.9999999999999805
3.9999999999999805
3.999999999999982
3.999999999999982
3.9999999999999813
3.999999999999982
3.9999999999999822
3.999999999999982
3.9999999999999813
3.9999999999999813
3.9999999999999813
3.9999999999999805
3.9999999999999805
3.9999999999999805
3.999999999999981
3.999999999999981
3.999999999999981
3.999999999999981
4.9999999999999805
4.9999999999999805
4.9999999999999805
4.9999999999999805
4.99999999999998
4.999999999999979
4.999999999999979
4.999999999999979
4.999999999999979
4.999999999999979
4.999999999999979
4.999999999999979
4.999999999999979
4.999999999999979
4.999999999999979
4.999999999999979
4.999999999999979
4.999999999999979
4.999999999999979
4.999999999999979
4.999999999999979
4.999999999999979
4.999999999999979
4.999999999999979
4.999999999999979
4.999999999999979
4.999999999999979
4.999999999999977
4.999999999999977
4.999999999999977
4.999999999999977
4.999999999999977
4.999999999999977
4.999999999999977
4.999999999999978
4.9999999999999805
4.9999999999999805
4.9999999999999805
3.99999999999998
3.9999999999999796
2.999999999999979
2.999999999999979
2.999999999999979
2.999999999999979
2.999999999999979
2.9999999999999796
2.9999999999999796
2.99999999999998
2.9999999999999805
2.9999999999999805
2.9999999999999805
2.9999999999999805
2.9999999999999805
2.9999999999999805
1.9999999999999805
1.9999999999999802
1.99999999999998
2.9999999999999805
2.999999999999981
2.999999999999981
2.9999999999999813
2.9999999999999805
2.9999999999999805
2.9999999999999805
2.9999999999999805
2.9999999999999805
2.9999999999999805
2.999999999999981
2.9999999999999813
2.999999999999981
2.999999999999981
2.999999999999981
2.999999999999981
2.999999999999981
2.999999999999981
2.999999999999981
2.999999999999981
2.999999999999981
2.999999999999981
2.999999999999981
2.9999999999999805
2.9999999999999805
2.9999999999999805
2.9999999999999805
2.9999999999999805
2.9999999999999805
2.99999999999998
2.9999999999999796
2.9999999999999796
2.99999999999998
2.99999999999998
2.99999999999998
2.99999999999998
2.99999999999998
2.99999999999998
2.99999999999998
2.99999999999998
2.99999999999998
2.99999999999998
2.99999999999998
2.99999999999998
2.9999999999999805
2.9999999999999805
2.99999999999998
2.99999999999998
2.99999999999998
2.99999999999998
2.99999999999998
2.99999999999998
2.99999999999998
2.99999999999998
2.9999999999999796
2.9999999999999796
2.9999999999999805
2.9999999999999805
2.9999999999999805
2.9999999999999805
2.9999999999999805
2.9999999999999805
2.9999999999999805
2.99999999999998
2.99999999999998
2.99999999999998
2.99999999999998
2.99999999999998
2.99999999999998
2.99999999999998
2.99999999999998
2.9999999999999805
2.9999999999999805
2.9999999999999805
2.9999999999999805
2.9999999999999805
2.9999999999999805
2.9999999999999805
2.9999999999999805
2.9999999999999805
2.9999999999999805
2.9999999999999805
2.9999999999999805
2.99999999999998
2.99999999999998
2.99999999999998
2.99999999999998
2.99999999999998
3.9999999999999805
3.9999999999999805
3.999999999999981
3.9999999999999813
3.9999999999999813
3.9999999999999813
3.9999999999999813
3.99999999999998
2.999999999999979
2.9999999999999787
2.999999999999979
2.9999999999999796
2.9999999999999796
2.99999999999998
2.99999999999998
2.99999999999998
2.9999999999999805
2.9999999999999805
1.9999999999999816
1.9999999999999816
1.9999999999999816
1.9999999999999818
1.9999999999999818
1.999999999999982
1.9999999999999813
1.9999999999999816
1.9999999999999813
1.9999999999999818
1.999999999999982
1.999999999999982
1.999999999999982
1.999999999999982
1.999999999999982
1.999999999999982
2.999999999999982
2.999999999999982
2.9999999999999813
2.9999999999999822
2.9999999999999822
2.9999999999999822
2.9999999999999822
2.9999999999999822
2.9999999999999822
2.9999999999999822
2.9999999999999822
2.9999999999999822
2.9999999999999822
2.9999999999999822
2.9999999999999822
2.9999999999999822
2.9999999999999822
2.9999999999999822
2.9999999999999822
2.9999999999999822
2.9999999999999822
2.9999999999999822
2.9999999999999822
2.9999999999999822
2.9999999999999822
2.9999999999999822
2.9999999999999822
2.999999999999982
1.9999999999999818
1.9999999999999822
1.9999999999999825
1.9999999999999818
1.9999999999999818
2.9999999999999822
2.9999999999999822
2.9999999999999822
2.9999999999999822
2.9999999999999822
2.999999999999982
2.999999999999982
2.9999999999999813
2.999999999999981
2.999999999999981
2.999999999999981
2.999999999999981
2.999999999999981
2.9999999999999805
2.9999999999999805
2.9999999999999805
2.9999999999999805
2.9999999999999805
3.9999999999999805
2.99999999999998
2.99999999999998
2.99999999999998
2.99999999999998
2.99999999999998
2.9999999999999796
2.9999999999999796
2.9999999999999796
2.9999999999999796
2.999999999999979
2.999999999999979
2.999999999999979
2.999999999999979
2.9999999999999787
2.9999999999999787
2.999999999999979
2.9999999999999787
1.9999999999999787
1.9999999999999787
2.9999999999999782
1.9999999999999787
1.9999999999999782
2.999999999999978
2.999999999999978
2.999999999999978
2.9999999999999782
2.999999999999978
2.999999999999978
2.999999999999978
2.999999999999978
2.999999999999978
2.999999999999978
2.999999999999978
2.999999999999978
2.999999999999978
3.9999999999999787
3.9999999999999787
3.9999999999999787
3.999999999999979
3.999999999999979
3.999999999999979
3.999999999999979
3.9999999999999787
3.9999999999999787
3.9999999999999787
3.9999999999999787
3.9999999999999787
3.9999999999999787
3.9999999999999787
3.9999999999999787
3.9999999999999782
3.9999999999999782
2.9999999999999782
2.9999999999999787
1.9999999999999782
2.9999999999999782
2.9999999999999787
2.9999999999999787
2.9999999999999787
2.9999999999999787
2.9999999999999787
2.9999999999999787
2.9999999999999787
2.9999999999999782
3.9999999999999796
3.9999999999999796
3.9999999999999796
3.9999999999999796
3.999999999999979
3.999999999999979
3.99999999999998
3.99999999999998
3.9999999999999805
3.9999999999999805
3.9999999999999805
3.9999999999999805
3.9999999999999805
3.9999999999999796
3.9999999999999796
3.9999999999999796
3.9999999999999796
3.9999999999999796
3.9999999999999796
3.9999999999999796
3.9999999999999796
3.9999999999999796
3.9999999999999796
3.9999999999999782
3.9999999999999787
3.9999999999999787
3.9999999999999774
3.999999999999978
3.999999999999978
3.9999999999999782
3.999999999999978
3.999999999999978
3.999999999999978
3.9999999999999822
3.9999999999999822
3.9999999999999822
3.999999999999982
3.9999999999999822
3.9999999999999827
3.9999999999999827
3.9999999999999827
3.9999999999999827
3.9999999999999827
3.999999999999983
3.999999999999983
3.999999999999983
3.999999999999983
3.999999999999983
3.9999999999999836
3.9999999999999836
3.9999999999999836
3.9999999999999836
3.9999999999999836
3.999999999999984
3.999999999999984
3.999999999999984
3.999999999999983
3.999999999999983
3.9999999999999827
3.9999999999999827
3.9999999999999827
3.9999999999999827
3.9999999999999827
3.9999999999999827
3.9999999999999822
3.9999999999999822
3.9999999999999813
3.9999999999999813
3.999999999999982
3.999999999999982
3.9999999999999822
3.9999999999999822
3.999999999999983
3.999999999999985
3.999999999999985
3.999999999999985
3.9999999999999867
3.9999999999999867
3.9999999999999867
3.999999999999987
3.999999999999986
3.9999999999999867
3.9999999999999867
3.9999999999999867
3.9999999999999867
3.9999999999999862
3.9999999999999862
3.999999999999986
3.9999999999999853
3.999999999999985
3.999999999999985
3.999999999999985
2.999999999999985
2.999999999999985
2.999999999999985
2.999999999999985
2.999999999999985
2.999999999999985
2.999999999999985
2.999999999999985
2.9999999999999845
2.9999999999999845
2.9999999999999845
2.9999999999999845
2.999999999999984
2.999999999999984
2.9999999999999836
2.9999999999999836
2.9999999999999836
2.999999999999984
2.999999999999983
2.999999999999983
2.9999999999999822
2.9999999999999822
2.9999999999999822
2.9999999999999822
2.9999999999999822
2.9999999999999822
2.9999999999999822
2.9999999999999822
2.9999999999999822
2.9999999999999822
2.9999999999999822
2.9999999999999822
2.9999999999999822
2.9999999999999822
2.9999999999999822
2.9999999999999822
2.999999999999982
2.999999999999982
2.9999999999999822
2.9999999999999822
2.9999999999999822
2.9999999999999822
2.9999999999999822
2.9999999999999822
2.9999999999999822
2.9999999999999822
3.9999999999999813
3.9999999999999813
3.999999999999981
3.999999999999981
3.999999999999981
3.999999999999981
3.9999999999999805
3.9999999999999805
3.9999999999999805
3.9999999999999805
3.99999999999998
3.9999999999999782
3.9999999999999782
3.9999999999999805
3.99999999999998
3.9999999999999805
3.9999999999999805
3.99999999999998
3.99999999999998
3.9999999999999813
3.9999999999999813
3.9999999999999813
3.9999999999999813
3.999999999999982
3.9999999999999813
3.9999999999999805
3.9999999999999805
3.9999999999999805
3.9999999999999805
3.999999999999981
3.9999999999999813
3.9999999999999813
3.9999999999999813
3.9999999999999813
3.9999999999999813
3.9999999999999813
3.9999999999999813
3.9999999999999813
3.9999999999999813
3.9999999999999813
3.9999999999999813
4.999999999999981
4.999999999999982
4.999999999999983
4.999999999999984
3.9999999999999827
3.999999999999985
3.999999999999985
3.999999999999985
3.999999999999985
3.999999999999986
3.999999999999986
3.999999999999986
3.999999999999986
3.999999999999986
3.999999999999986
3.999999999999986
3.999999999999986
3.999999999999986
3.999999999999986
3.999999999999986
3.9999999999999862
3.999999999999986
3.999999999999986
3.999999999999986
3.999999999999985
3.999999999999985
3.9999999999999845
3.9999999999999836
3.999999999999983
3.999999999999983
3.999999999999983
3.999999999999983
3.999999999999983
3.999999999999983
3.9999999999999827
3.999999999999983
3.999999999999983
3.999999999999984
3.999999999999984
3.999999999999984
3.999999999999984
3.999999999999984
3.9999999999999845
3.9999999999999845
3.9999999999999845
3.9999999999999845
3.9999999999999845
3.9999999999999845
3.9999999999999845
3.999999999999984
3.999999999999984
3.999999999999984
3.999999999999984
3.999999999999984
3.9999999999999845
3.999999999999985
4.999999999999988
4.999999999999988
4.999999999999988
4.999999999999988
4.999999999999988
4.999999999999988
4.999999999999988
4.999999999999988
4.999999999999988
4.999999999999988
4.999999999999988
4.999999999999988
4.999999999999988
4.999999999999988
4.999999999999988
4.999999999999988
4.999999999999987
4.999999999999987
4.999999999999985
4.999999999999985
4.999999999999985
4.999999999999985
4.999999999999985
4.999999999999985
4.999999999999985
4.999999999999985
4.999999999999985
4.999999999999985
4.999999999999985
4.999999999999985
4.999999999999985
4.999999999999985
4.999999999999985
4.999999999999985
4.999999999999985
5.999999999999982
5.999999999999982
5.999999999999982
5.999999999999982
5.999999999999982
5.999999999999982
5.999999999999982
5.999999999999982
5.999999999999976
5.999999999999976
5.999999999999977
5.999999999999977
5.999999999999977
5.999999999999977
5.999999999999977
5.999999999999977
5.999999999999977
5.999999999999977
5.999999999999977
5.999999999999977
5.999999999999977
5.999999999999977
5.999999999999977
5.999999999999977
5.999999999999979
5.999999999999979
5.999999999999979
5.999999999999979
5.999999999999979
5.999999999999979
5.999999999999979
5.999999999999979
5.999999999999979
5.999999999999979
5.999999999999979
5.999999999999979
5.999999999999979
5.999999999999979
5.999999999999979
5.999999999999979
5.999999999999979
6.999999999999989
6.999999999999989
6.999999999999989
6.9999999999999885
6.9999999999999885
6.999999999999988
6.999999999999988
6.999999999999988
6.9999999999999885
6.999999999999988
6.999999999999987
6.999999999999987
6.999999999999987
6.999999999999987
6.999999999999987
6.999999999999986
6.999999999999986
6.999999999999986
6.999999999999986
6.999999999999987
6.999999999999986
6.999999999999985
6.999999999999985
6.999999999999985
6.999999999999985
6.999999999999985
6.999999999999985
6.999999999999985
6.999999999999985
6.999999999999983
6.999999999999983
6.99999999999998
6.99999999999998
6.99999999999998
6.999999999999977
6.999999999999976
6.999999999999976
6.999999999999976
6.999999999999975
6.999999999999975
6.999999999999975
6.999999999999975
6.999999999999975
