3.0000000000000018
3.0000000000000018
3.0000000000000018
3.0000000000000013
3.0000000000000013
3.0000000000000013
3.0000000000000018
3.0000000000000013
3.0000000000000013
3.0000000000000013
3.0000000000000013
3.000000000000001
3.000000000000001
3.000000000000001
3.000000000000001
3.000000000000001
3.000000000000001
3.000000000000001
3.0000000000000013
3.0000000000000013
3.0000000000000013
3.0000000000000013
3.0000000000000013
3.0000000000000013
3.0000000000000013
3.0000000000000013
3.000000000000001
3.000000000000001
3.000000000000001
3.000000000000001
3.000000000000001
3.000000000000001
3.000000000000001
3.000000000000001
3.0000000000000013
3.0000000000000013
3.0000000000000013
3.000000000000001
3.000000000000001
3.000000000000001
2.000000000000001
2.000000000000001
2.000000000000001
2.000000000000001
2.000000000000001
2.000000000000001
2.000000000000001
2.000000000000001
2.000000000000001
2.000000000000001
3.0000000000000004
3.000000000000001
3.000000000000001
3.000000000000001
3.000000000000001
3.000000000000001
3.0000000000000013
3.0000000000000013
3.000000000000001
3.000000000000001
3.000000000000001
3.000000000000001
5.000000000000001
5.000000000000004
5.000000000000004
5.000000000000004
5.000000000000004
5.000000000000004
5.000000000000004
5.000000000000004
5.000000000000004
5.000000000000004
5.000000000000004
5.000000000000004
5.000000000000005
5.000000000000005
5.000000000000005
5.000000000000005
5.000000000000005
5.000000000000006
5.000000000000007
5.000000000000007
5.000000000000006
5.000000000000006
5.000000000000006
5.000000000000006
5.000000000000006
5.000000000000006
5.000000000000006
5.000000000000005
5.000000000000005
5.000000000000007
5.000000000000007
5.000000000000007
5.000000000000006
5.000000000000006
5.000000000000006
5.000000000000007
5.000000000000008
5.000000000000007
5.000000000000007
5.000000000000007
5.000000000000007
5.000000000000007
5.000000000000006
5.000000000000006
5.000000000000006
5.000000000000007
5.000000000000007
5.000000000000007
5.000000000000007
5.000000000000007
5.000000000000007
5.000000000000007
5.000000000000006
5.000000000000006
5.000000000000006
4.000000000000007
4.000000000000007
3.0000000000000067
3.0000000000000067
4.000000000000009
3.0000000000000075
3.0000000000000075
3.000000000000007
3.000000000000007
3.000000000000007
3.000000000000007
3.000000000000007
3.000000000000007
3.000000000000007
3.000000000000007
3.000000000000007
3.000000000000007
3.000000000000007
3.000000000000007
3.000000000000007
3.000000000000007
3.000000000000007
3.000000000000007
3.000000000000007
3.000000000000007
3.000000000000007
3.000000000000007
3.000000000000007
3.000000000000007
3.000000000000007
3.000000000000007
3.000000000000008
3.000000000000008
4.000000000000007
4.000000000000008
4.000000000000008
4.000000000000008
4.000000000000009
4.000000000000009
4.000000000000009
4.000000000000009
4.000000000000009
4.00000000000001
4.000000000000009
4.000000000000009
4.000000000000008
4.000000000000008
4.000000000000008
4.000000000000008
4.000000000000008
4.000000000000008
4.000000000000008
4.000000000000008
4.000000000000008
4.000000000000008
4.000000000000008
4.000000000000008
4.000000000000008
4.000000000000008
4.000000000000008
4.000000000000008
4.000000000000008
4.000000000000008
4.000000000000008
4.000000000000008
4.000000000000008
4.000000000000008
4.000000000000008
4.000000000000008
4.000000000000008
4.000000000000008
4.000000000000008
4.000000000000008
4.000000000000008
4.000000000000008
4.000000000000008
4.000000000000008
4.000000000000008
4.000000000000008
4.000000000000008
4.000000000000008
4.000000000000008
