2.999999999999999
2.999999999999999
2.999999999999999
2.999999999999999
2.999999999999999
2.9999999999999982
2.9999999999999982
2.9999999999999982
2.9999999999999982
2.9999999999999982
2.9999999999999987
2.9999999999999982
2.999999999999998
2.9999999999999982
2.9999999999999982
2.9999999999999982
2.9999999999999982
2.9999999999999982
2.9999999999999982
2.9999999999999982
2.9999999999999982
2.9999999999999982
2.9999999999999982
2.9999999999999982
2.9999999999999982
2.9999999999999982
2.9999999999999982
2.9999999999999982
2.999999999999998
3.999999999999998
3.9999999999999973
2.9999999999999982
2.9999999999999982
2.9999999999999982
2.9999999999999982
2.9999999999999982
2.9999999999999982
2.9999999999999982
2.9999999999999982
2.9999999999999982
2.9999999999999987
2.9999999999999987
2.9999999999999987
2.999999999999999
2.999999999999999
2.999999999999999
2.999999999999999
2.999999999999999
2.999999999999999
2.9999999999999987
2.999999999999999
2.999999999999999
2.9999999999999987
2.999999999999999
3.999999999999999
3.0
3.0
3.0
3.0
3.0
3.0
3.0
3.0000000000000004
3.000000000000001
3.0000000000000004
3.0000000000000004
4.0
3.0
3.0
4.0
1.9999999999999996
1.9999999999999998
1.9999999999999998
1.9999999999999998
1.9999999999999998
2.0
2.0000000000000004
2.0000000000000004
2.0000000000000004
2.0000000000000004
2.0000000000000004
3.000000000000001
3.0000000000000013
3.000000000000001
3.000000000000001
3.000000000000001
3.000000000000001
3.0000000000000004
3.0000000000000004
3.000000000000001
3.000000000000001
3.000000000000001
3.000000000000001
3.000000000000001
3.000000000000001
3.0000000000000013
3.0000000000000013
3.0000000000000013
3.0000000000000013
3.0000000000000018
3.0000000000000018
3.0000000000000018
3.0000000000000018
3.0000000000000018
3.0000000000000018
3.0000000000000018
3.0000000000000018
3.0000000000000018
3.0000000000000018
3.0000000000000018
3.0000000000000018
3.0000000000000018
3.0000000000000027
3.0000000000000027
3.0000000000000027
3.0000000000000018
3.0000000000000018
3.0000000000000018
3.0000000000000018
3.0000000000000018
3.0000000000000018
3.0000000000000018
3.000000000000001
3.000000000000001
3.000000000000001
3.000000000000001
3.000000000000001
3.000000000000001
3.000000000000001
3.000000000000001
3.0000000000000004
3.0000000000000004
3.0000000000000004
3.0000000000000004
3.000000000000001
3.0000000000000013
3.000000000000001
4.000000000000001
4.000000000000002
4.000000000000002
4.000000000000002
4.000000000000002
4.000000000000001
4.000000000000001
4.000000000000001
4.000000000000001
4.000000000000001
4.000000000000001
4.000000000000001
4.000000000000002
4.000000000000003
4.000000000000002
4.000000000000002
4.000000000000002
4.000000000000001
4.000000000000001
3.0000000000000018
3.000000000000002
3.000000000000002
