2.9999999999999973
2.9999999999999973
2.9999999999999973
2.9999999999999973
2.999999999999997
2.999999999999997
2.9999999999999964
2.9999999999999964
2.9999999999999964
2.9999999999999964
2.999999999999997
2.999999999999997
3.9999999999999982
2.9999999999999987
2.9999999999999987
2.999999999999999
2.999999999999999
2.999999999999999
3.0
3.0
3.0
3.0
3.0000000000000004
3.0
3.0
3.0
3.0
3.0
3.0
3.000000000000001
3.000000000000001
3.0
3.0
3.0
3.0
3.0
3.0
3.0000000000000013
3.0000000000000004
3.000000000000001
3.000000000000001
3.000000000000001
3.000000000000001
3.000000000000001
3.000000000000001
3.000000000000001
3.000000000000001
3.000000000000001
3.0000000000000004
3.000000000000001
3.000000000000001
3.000000000000001
3.0
2.9999999999999996
2.999999999999999
2.9999999999999996
2.999999999999999
2.9999999999999996
3.0000000000000004
3.0
3.0
1.999999999999999
1.9999999999999991
3.0
3.0
3.0000000000000004
3.0000000000000004
3.0000000000000004
3.0000000000000004
3.0000000000000004
3.0000000000000004
3.0
3.0
3.0
3.0
3.0
3.0000000000000004
3.0000000000000004
3.0
4.0
4.0
3.9999999999999996
3.9999999999999996
3.9999999999999996
3.9999999999999996
4.0
4.0
4.0
4.0
3.9999999999999996
4.000000000000001
4.000000000000001
4.000000000000001
4.000000000000001
4.000000000000001
4.000000000000001
4.000000000000001
4.000000000000001
4.000000000000001
4.000000000000001
4.000000000000001
4.000000000000001
4.000000000000001
4.000000000000001
4.000000000000001
4.000000000000002
4.0000000000000036
4.0000000000000036
4.0000000000000036
4.0000000000000036
4.0000000000000036
4.0000000000000036
4.0000000000000036
4.0000000000000036
4.0000000000000036
4.0000000000000036
4.0000000000000036
4.000000000000005
4.000000000000005
3.0000000000000013
3.0000000000000018
3.0000000000000018
3.000000000000002
3.000000000000002
3.000000000000002
3.000000000000002
3.000000000000002
3.000000000000002
3.000000000000002
3.000000000000002
3.000000000000002
3.0000000000000027
3.0000000000000027
3.0000000000000027
2.0000000000000027
3.0000000000000027
2.000000000000003
2.000000000000003
2.000000000000003
2.000000000000003
2.000000000000003
2.0000000000000027
2.0000000000000027
2.0000000000000027
2.0000000000000027
2.0000000000000027
2.0000000000000027
2.0000000000000027
2.0000000000000027
2.0000000000000027
2.0000000000000027
2.0000000000000027
2.0000000000000027
2.0000000000000027
2.0000000000000027
2.0000000000000027
2.0000000000000027
2.0000000000000027
2.0000000000000027
2.0000000000000027
2.0000000000000027
2.0000000000000036
2.0000000000000036
2.0000000000000036
2.0000000000000036
2.0000000000000036
2.0000000000000036
2.0000000000000036
2.0000000000000036
2.0000000000000036
2.0000000000000036
2.0000000000000036
2.0000000000000036
2.0000000000000036
2.0000000000000036
2.0000000000000036
2.0000000000000036
2.0000000000000036
2.0000000000000036
2.000000000000003
2.000000000000003
3.0000000000000027
3.0000000000000027
3.0000000000000027
3.0000000000000027
3.0000000000000027
3.0000000000000027
3.000000000000003
3.0000000000000027
3.0000000000000018
2.000000000000002
2.000000000000002
2.000000000000002
2.000000000000002
2.0000000000000027
2.0000000000000027
2.0000000000000027
2.0000000000000027
2.0000000000000027
2.0000000000000027
3.0000000000000027
3.0000000000000027
3.000000000000003
3.000000000000003
3.0000000000000036
3.0000000000000036
3.0000000000000036
3.0000000000000036
3.0000000000000036
3.000000000000004
3.000000000000004
3.000000000000004
3.000000000000004
3.000000000000004
3.000000000000004
3.000000000000004
3.000000000000004
3.000000000000004
3.000000000000004
3.000000000000004
3.0000000000000036
3.0000000000000036
3.0000000000000036
3.0000000000000036
3.0000000000000036
3.0000000000000036
3.0000000000000036
3.0000000000000036
3.000000000000003
3.000000000000003
3.000000000000003
3.000000000000003
3.000000000000003
3.0000000000000027
4.000000000000002
4.000000000000002
4.000000000000002
4.000000000000002
4.000000000000002
4.000000000000001
4.000000000000002
4.000000000000002
4.000000000000003
4.000000000000003
4.000000000000003
4.000000000000002
4.000000000000001
4.000000000000001
4.000000000000001
4.000000000000002
4.000000000000002
4.000000000000003
4.000000000000003
4.0000000000000036
4.0000000000000036
4.0000000000000036
4.000000000000004
4.000000000000004
4.000000000000004
4.000000000000005
4.000000000000005
4.000000000000005
4.000000000000005
4.000000000000005
4.000000000000005
4.000000000000005
4.000000000000005
4.000000000000005
4.000000000000005
4.000000000000005
4.000000000000005
4.000000000000005
4.000000000000005
4.000000000000005
4.000000000000005
4.000000000000005
4.000000000000006
4.000000000000006
4.000000000000006
4.000000000000006
4.000000000000006
4.000000000000006
4.000000000000006
4.000000000000006
4.000000000000006
4.000000000000006
4.000000000000005
4.000000000000005
4.000000000000005
4.000000000000005
4.000000000000005
4.000000000000005
4.000000000000005
4.000000000000005
4.000000000000005
4.000000000000005
4.000000000000005
4.000000000000005
3.0000000000000053
3.0000000000000053
3.0000000000000053
3.0000000000000058
3.0000000000000058
3.0000000000000058
4.000000000000006
4.000000000000006
4.000000000000006
4.000000000000007
3.000000000000007
3.000000000000007
3.000000000000007
3.000000000000007
3.000000000000007
3.0000000000000075
3.0000000000000075
3.000000000000007
3.000000000000007
3.000000000000007
3.000000000000007
3.000000000000007
3.000000000000007
3.000000000000007
3.000000000000007
3.000000000000007
3.000000000000007
3.000000000000007
3.000000000000007
3.000000000000007
3.000000000000007
4.000000000000005
4.000000000000005
4.000000000000005
4.000000000000005
3.0000000000000058
3.0000000000000058
3.0000000000000058
3.0000000000000053
3.0000000000000053
3.0000000000000053
3.0000000000000053
3.0000000000000044
3.000000000000004
3.000000000000004
3.0000000000000036
3.0000000000000036
3.0000000000000036
3.0000000000000036
3.0000000000000036
3.0000000000000036
3.0000000000000036
3.0000000000000036
3.0000000000000027
3.0000000000000027
3.0000000000000027
3.0000000000000027
3.000000000000003
3.000000000000003
3.000000000000003
2.0000000000000027
2.0000000000000027
3.000000000000003
3.0000000000000027
2.0000000000000027
2.0000000000000027
2.0000000000000027
3.0000000000000044
3.0000000000000044
2.000000000000003
2.000000000000003
2.0000000000000036
2.0000000000000036
2.0000000000000036
2.0000000000000036
2.0000000000000036
2.0000000000000036
2.0000000000000036
2.0000000000000036
2.0000000000000036
2.0000000000000036
2.0000000000000036
2.0000000000000036
2.0000000000000036
2.000000000000004
2.0000000000000036
2.0000000000000036
2.000000000000003
2.000000000000003
2.0000000000000027
2.0000000000000027
2.0000000000000027
2.0000000000000027
2.0000000000000027
2.0000000000000027
2.0000000000000027
2.0000000000000027
2.000000000000003
2.000000000000003
2.000000000000003
2.0000000000000036
2.0000000000000036
2.0000000000000036
2.0000000000000036
2.0000000000000036
2.0000000000000036
2.0000000000000036
2.0000000000000036
2.0000000000000036
2.0000000000000036
2.000000000000004
2.0000000000000044
2.0000000000000044
2.0000000000000044
2.0000000000000044
2.0000000000000044
2.0000000000000044
2.0000000000000044
2.0000000000000044
2.000000000000005
2.000000000000005
2.000000000000005
2.000000000000005
2.000000000000005
2.000000000000005
2.000000000000005
2.000000000000005
2.000000000000005
2.000000000000005
2.000000000000005
2.000000000000005
3.0000000000000044
3.0000000000000044
3.0000000000000044
3.0000000000000044
3.0000000000000044
3.0000000000000044
4.000000000000005
4.000000000000005
3.0000000000000058
3.000000000000006
3.000000000000008
3.000000000000008
3.000000000000008
3.000000000000008
3.000000000000008
3.000000000000008
4.000000000000008
3.000000000000007
3.000000000000007
3.0000000000000067
3.0000000000000067
3.0000000000000067
3.000000000000007
3.000000000000007
3.000000000000007
3.0000000000000067
3.0000000000000067
2.0000000000000067
2.0000000000000067
2.0000000000000067
2.0000000000000067
2.0000000000000075
2.0000000000000075
2.0000000000000075
2.0000000000000075
2.0000000000000075
2.000000000000007
2.000000000000007
2.000000000000007
2.000000000000007
2.000000000000007
2.000000000000007
2.000000000000007
2.000000000000007
2.000000000000007
2.000000000000007
2.000000000000007
3.000000000000006
3.000000000000006
3.0000000000000084
3.0000000000000084
3.000000000000009
3.000000000000009
3.0000000000000098
3.0000000000000098
3.0000000000000098
3.0000000000000098
3.0000000000000098
3.0000000000000098
3.0000000000000098
3.0000000000000098
3.0000000000000098
3.0000000000000098
3.0000000000000093
3.0000000000000093
3.0000000000000093
2.0000000000000098
2.0000000000000098
2.0000000000000098
2.0000000000000093
2.0000000000000093
2.0000000000000093
2.0000000000000093
2.0000000000000093
2.0000000000000093
2.0000000000000093
2.0000000000000093
2.0000000000000093
2.0000000000000093
2.0000000000000093
2.0000000000000093
2.0000000000000093
2.0000000000000093
2.0000000000000093
2.0000000000000093
2.0000000000000093
2.0000000000000093
2.0000000000000093
2.0000000000000093
2.0000000000000093
2.000000000000009
2.000000000000009
2.000000000000009
2.000000000000009
2.000000000000009
2.0000000000000093
2.0000000000000093
2.0000000000000093
2.0000000000000093
2.0000000000000093
2.0000000000000093
2.0000000000000093
2.0000000000000098
2.0000000000000098
2.0000000000000098
1.0000000000000098
2.0000000000000098
3.0000000000000098
3.0000000000000107
3.0000000000000098
1.0000000000000102
2.0000000000000098
2.00000000000001
2.0000000000000098
2.0000000000000098
2.0000000000000098
2.0000000000000093
1.0000000000000098
1.0000000000000098
1.0000000000000098
1.0000000000000098
1.0000000000000098
2.0000000000000098
2.00000000000001
2.00000000000001
2.00000000000001
2.0000000000000107
2.0000000000000107
2.0000000000000107
3.0000000000000107
3.0000000000000107
3.0000000000000107
3.0000000000000107
3.0000000000000107
3.0000000000000115
3.0000000000000115
3.0000000000000115
3.0000000000000115
3.0000000000000115
3.0000000000000115
3.0000000000000115
3.0000000000000115
2.000000000000011
3.0000000000000107
3.0000000000000098
3.00000000000001
3.00000000000001
3.0000000000000098
3.0000000000000098
3.0000000000000093
3.0000000000000093
3.0000000000000098
3.0000000000000098
3.0000000000000098
3.0000000000000098
3.00000000000001
3.00000000000001
3.00000000000001
3.00000000000001
3.00000000000001
3.00000000000001
1.0000000000000102
1.0000000000000102
1.0000000000000102
1.0000000000000102
1.0000000000000102
1.0000000000000102
1.0000000000000102
1.0000000000000102
2.00000000000001
3.0000000000000098
3.0000000000000098
3.0000000000000098
3.0000000000000098
3.00000000000001
3.0000000000000107
3.0000000000000107
2.0000000000000098
2.0000000000000098
2.0000000000000098
2.0000000000000098
2.0000000000000098
2.0000000000000093
2.0000000000000093
2.0000000000000093
2.0000000000000093
2.0000000000000093
2.0000000000000093
2.0000000000000093
2.0000000000000093
2.0000000000000093
2.000000000000009
2.000000000000009
2.000000000000009
2.000000000000009
2.000000000000009
2.000000000000009
2.0000000000000093
2.0000000000000093
2.000000000000009
2.000000000000009
3.000000000000009
3.000000000000009
2.0000000000000084
2.0000000000000084
2.0000000000000084
2.0000000000000084
2.000000000000008
2.000000000000008
2.000000000000008
2.000000000000008
2.000000000000008
2.000000000000008
2.000000000000008
2.000000000000008
2.000000000000008
2.000000000000008
2.000000000000008
2.000000000000008
2.000000000000008
2.000000000000008
2.000000000000008
2.000000000000008
2.000000000000008
2.000000000000008
2.000000000000008
2.000000000000008
2.000000000000008
2.000000000000008
2.000000000000008
2.000000000000008
2.000000000000008
2.000000000000008
2.0000000000000075
2.0000000000000075
3.000000000000008
2.0000000000000084
2.0000000000000084
2.0000000000000084
2.000000000000007
2.000000000000007
2.000000000000007
2.000000000000007
2.000000000000007
2.000000000000007
2.000000000000007
2.000000000000007
2.000000000000007
2.000000000000007
2.000000000000006
2.000000000000006
2.000000000000006
2.000000000000006
2.000000000000006
2.000000000000006
2.000000000000006
2.000000000000006
2.000000000000006
2.000000000000006
2.000000000000006
2.0000000000000067
2.0000000000000067
2.0000000000000067
2.0000000000000067
2.0000000000000067
2.0000000000000067
2.0000000000000067
2.000000000000006
2.000000000000006
2.0000000000000067
2.0000000000000067
2.000000000000007
2.000000000000007
1.000000000000007
1.000000000000007
1.000000000000007
2.000000000000007
2.000000000000007
2.000000000000007
2.000000000000007
1.000000000000007
1.000000000000007
1.000000000000007
2.000000000000007
1.000000000000007
1.000000000000007
2.000000000000007
1.000000000000007
1.000000000000007
1.000000000000007
1.000000000000007
1.000000000000007
1.000000000000007
1.000000000000007
1.0000000000000069
1.0000000000000069
1.0000000000000069
2.000000000000007
2.000000000000007
1.000000000000007
1.000000000000007
2.000000000000007
1.000000000000007
2.0000000000000067
1.0000000000000067
1.0000000000000067
1.0000000000000067
1.0000000000000067
1.0000000000000067
2.000000000000006
2.0000000000000067
3.0000000000000075
3.000000000000009
3.000000000000009
3.000000000000009
3.000000000000008
3.000000000000008
3.000000000000008
3.000000000000008
3.000000000000008
4.000000000000009
3.0000000000000098
3.0000000000000098
3.0000000000000098
3.0000000000000098
3.0000000000000098
3.0000000000000098
3.00000000000001
3.00000000000001
3.00000000000001
3.00000000000001
3.0000000000000107
3.0000000000000107
3.0000000000000107
3.0000000000000107
3.0000000000000107
3.000000000000011
3.000000000000011
3.000000000000011
3.0000000000000107
3.0000000000000107
3.0000000000000115
3.000000000000012
3.0000000000000115
3.0000000000000115
3.0000000000000124
3.000000000000013
3.0000000000000133
3.0000000000000133
3.000000000000012
2.000000000000012
2.000000000000012
2.000000000000012
2.000000000000012
2.000000000000012
1.000000000000012
1.000000000000012
1.000000000000012
2.000000000000012
2.0000000000000115
2.0000000000000115
2.0000000000000115
2.0000000000000115
2.0000000000000115
2.0000000000000115
2.0000000000000115
1.0000000000000115
1.0000000000000115
