5.8947424711338625 5.8947424711338625 4.8947424711338661 5.8947424711338625 5.8947424711338625 5.8947424711338625 4.8947424711338661 4.8947424711338661 5.8947424711338625 5.8947424711338625 7.8947424711338563
5.8947424711338625 5.8947424711338625 4.8947424711338661 5.8947424711338625 5.8947424711338625 5.8947424711338625 4.8947424711338661 4.8947424711338661 5.8947424711338625 5.8947424711338625 7.8947424711338563
5.8947424711338625 5.8947424711338625 4.8947424711338661 5.8947424711338625 5.8947424711338625 5.8947424711338625 4.8947424711338661 4.8947424711338661 5.8947424711338625 5.8947424711338625 7.8947424711338563
5.8947424711338625 5.8947424711338625 4.8947424711338661 5.8947424711338625 5.8947424711338625 5.8947424711338625 4.8947424711338661 4.8947424711338661 5.8947424711338625 5.8947424711338625 7.8947424711338563
5.8947424711338625 5.8947424711338625 4.8947424711338661 5.8947424711338625 5.8947424711338625 5.8947424711338625 4.8947424711338661 4.8947424711338661 5.8947424711338625 5.8947424711338625 7.8947424711338563
6.3347424711338611 5.8947424711338625 5.3347424711338656 5.8947424711338625 5.8947424711338625 5.8947424711338625 5.3347424711338656 5.3347424711338656 5.4547424711338648 5.8947424711338625 7.8947424711338563
6.8947424711338590 5.8947424711338625 5.8947424711338625 5.8947424711338625 5.8947424711338625 5.8947424711338625 5.8947424711338625 5.8947424711338625 4.8947424711338661 5.8947424711338625 7.8947424711338563
6.8947424711338590 5.8947424711338625 5.8947424711338625 5.8947424711338625 5.8947424711338625 5.8947424711338625 5.8947424711338625 5.8947424711338625 4.8947424711338661 5.8947424711338625 7.8947424711338563
6.8947424711338590 5.8947424711338625 5.8947424711338625 5.8947424711338625 5.8947424711338625 5.8947424711338625 5.8947424711338625 5.8947424711338625 4.8947424711338661 5.8947424711338625 7.8947424711338563
6.8947424711338590 5.8947424711338625 5.8947424711338625 5.8947424711338625 5.8947424711338625 5.8947424711338625 5.8947424711338625 5.8947424711338625 4.8947424711338661 5.8947424711338625 7.8947424711338563
6.8947424711338590 5.8947424711338625 5.8947424711338625 5.8947424711338625 5.8947424711338625 5.8947424711338625 5.8947424711338625 5.8947424711338625 4.8947424711338661 5.8947424711338625 6.1747424711338610
6.8947424711338590 5.8947424711338625 5.8947424711338625 5.8947424711338625 5.8947424711338625 5.8947424711338625 5.8947424711338625 5.8947424711338625 5.6747424711338637 6.6747424711338601 6.6747424711338601
6.8947424711338590 5.8947424711338625 5.8947424711338625 5.8947424711338625 5.8947424711338625 5.8947424711338625 5.8947424711338625 5.8947424711338625 5.8947424711338625 6.5347424711338586 6.5347424711338586
6.8947424711338590 5.8947424711338625 5.8947424711338625 5.8947424711338625 5.8947424711338625 5.8947424711338625 5.8947424711338625 5.8947424711338625 5.8947424711338625 5.8947424711338625 5.8947424711338625
6.8947424711338590 5.8947424711338625 5.8947424711338625 6.7347424711338597 5.8947424711338625 5.8947424711338625 5.8947424711338625 5.8947424711338625 5.8947424711338625 5.8947424711338625 5.8947424711338625
6.8947424711338590 5.8947424711338625 5.8947424711338625 7.8947424711338563 5.8947424711338625 5.8947424711338625 5.8947424711338625 5.8947424711338625 5.8947424711338625 5.8947424711338625 5.8947424711338625
6.8947424711338590 5.8947424711338625 5.8947424711338625 7.8947424711338563 5.8947424711338625 5.8947424711338625 5.8947424711338625 5.8947424711338625 5.0547424711338662 5.8947424711338625 5.8947424711338625
6.8947424711338590 5.8947424711338625 5.8947424711338625 7.8947424711338563 5.8947424711338625 5.8947424711338625 5.8947424711338625 5.8947424711338625 4.8947424711338661 5.8947424711338625 5.8947424711338625
6.8947424711338590 5.8947424711338625 5.8947424711338625 7.8947424711338563 5.8947424711338625 5.8947424711338625 5.8947424711338625 5.8947424711338625 4.8947424711338661 5.8947424711338625 5.8947424711338625
6.8947424711338590 5.8947424711338625 5.8947424711338625 7.8947424711338563 5.8947424711338625 5.8947424711338625 5.8947424711338625 5.8947424711338625 4.8947424711338661 5.8947424711338625 5.8947424711338625
6.8947424711338590 5.8947424711338625 5.8947424711338625 7.8947424711338563 5.8947424711338625 5.8947424711338625 5.8947424711338625 5.8947424711338625 4.8947424711338661 5.8947424711338625 5.8947424711338625
6.8947424711338590 5.8947424711338625 5.8947424711338625 7.8947424711338563 5.8947424711338625 5.8947424711338625 5.8947424711338625 5.8947424711338625 4.8947424711338661 6.0147424711338626 6.0147424711338626
6.8947424711338590 5.8947424711338625 5.8947424711338625 7.8947424711338563 5.8947424711338625 5.8947424711338625 5.8947424711338625 5.8947424711338625 4.8947424711338661 6.8947424711338590 6.8947424711338590
6.8947424711338590 5.8947424711338625 5.8947424711338625 7.8947424711338563 5.8947424711338625 5.8947424711338625 5.8947424711338625 5.8947424711338625 4.8947424711338661 6.8947424711338590 6.8947424711338590
6.8947424711338590 5.8947424711338625 5.8947424711338625 7.8947424711338563 5.8947424711338625 5.8947424711338625 5.8947424711338625 5.8947424711338625 4.8947424711338661 6.8947424711338590 6.8947424711338590
6.8947424711338590 5.8947424711338625 6.5347424711338604 6.6147424711338587 5.8947424711338625 5.8947424711338625 5.8947424711338625 5.8947424711338625 4.8947424711338661 6.8947424711338590 6.8947424711338590
6.8947424711338590 5.8947424711338625 6.8947424711338590 5.8947424711338625 5.8947424711338625 5.8947424711338625 5.8947424711338625 5.8947424711338625 4.8947424711338661 6.8947424711338590 6.8947424711338590
6.8947424711338590 5.8947424711338625 6.8947424711338590 5.8947424711338625 5.8947424711338625 5.8947424711338625 5.8947424711338625 5.8947424711338625 4.8947424711338661 6.8947424711338590 6.8947424711338590
6.8947424711338590 5.8947424711338625 6.8947424711338590 5.8947424711338625 5.8947424711338625 5.8947424711338625 5.8947424711338625 5.8947424711338625 4.8947424711338661 6.8947424711338590 6.8947424711338590
6.8947424711338590 5.8947424711338625 6.8947424711338590 5.8947424711338625 5.8947424711338625 5.8947424711338625 5.8947424711338625 5.8947424711338625 4.8947424711338661 6.8947424711338590 6.8947424711338590
6.8947424711338590 5.8947424711338625 6.8947424711338590 5.8947424711338625 5.8947424711338625 5.8947424711338625 5.8947424711338625 5.8947424711338625 4.8947424711338661 6.8947424711338590 6.8947424711338590
6.8947424711338590 5.8947424711338625 6.5347424711338586 5.8947424711338625 5.8947424711338625 5.8947424711338625 5.8947424711338625 5.8947424711338625 4.8947424711338661 6.8947424711338590 6.8947424711338590
6.8947424711338590 5.8947424711338625 5.8947424711338625 5.8947424711338625 5.8947424711338625 5.8947424711338625 5.8947424711338625 5.8947424711338625 4.8947424711338661 6.8947424711338590 6.8947424711338590
6.8947424711338590 5.8947424711338625 5.8947424711338625 5.8947424711338625 5.8947424711338625 5.8947424711338625 5.8947424711338625 5.8947424711338625 4.8947424711338661 6.8947424711338590 6.8947424711338590
6.8947424711338590 5.8947424711338625 5.8947424711338625 5.8947424711338625 5.8947424711338625 5.8947424711338625 5.8947424711338625 5.8947424711338625 4.8947424711338661 6.8947424711338590 6.8947424711338590
6.8947424711338590 5.8947424711338625 5.8947424711338625 5.8947424711338625 5.8947424711338625 5.8947424711338625 5.8947424711338625 5.8947424711338625 5.5147424711338644 6.5947424711338591 6.2747424711338615
6.8947424711338590 5.8947424711338625 5.8947424711338625 5.8947424711338625 5.8947424711338625 5.8947424711338625 5.8947424711338625 5.8947424711338625 5.8947424711338625 4.9147424711338665 5.8947424711338625
6.8947424711338590 5.8947424711338625 5.8947424711338625 5.8947424711338625 5.8947424711338625 5.8947424711338625 5.8947424711338625 5.8947424711338625 5.8947424711338625 4.8947424711338661 5.8947424711338625
6.8947424711338590 5.8947424711338625 5.8947424711338625 5.8947424711338625 5.8947424711338625 5.8947424711338625 5.8947424711338625 5.8947424711338625 5.8947424711338625 4.8947424711338661 5.8947424711338625
6.8947424711338590 5.8947424711338625 5.8947424711338625 5.8947424711338625 5.8947424711338625 5.8947424711338625 5.8947424711338625 5.8947424711338625 5.8947424711338625 4.8947424711338661 5.8947424711338625
6.8947424711338590 5.8947424711338625 5.8947424711338625 5.8947424711338625 5.8947424711338625 5.8947424711338625 5.8947424711338625 5.8947424711338625 5.8947424711338625 4.8947424711338661 5.8947424711338625
6.8947424711338590 5.8947424711338625 5.8947424711338625 5.8947424711338625 5.8947424711338625 5.8947424711338625 5.8947424711338625 5.8947424711338625 5.8947424711338625 4.8947424711338661 5.8947424711338625
6.8947424711338590 5.8947424711338625 5.8947424711338625 5.8947424711338625 5.8947424711338625 5.8947424711338625 5.8947424711338625 5.8947424711338625 5.8947424711338625 4.8947424711338661 5.8947424711338625
6.8947424711338590 5.8947424711338625 5.8947424711338625 5.8947424711338625 5.8947424711338625 5.8947424711338625 5.8947424711338625 5.8947424711338625 5.8947424711338625 4.8947424711338661 5.8947424711338625
6.8947424711338590 5.8947424711338625 5.8947424711338625 5.8947424711338625 5.8947424711338625 5.8947424711338625 5.8947424711338625 5.8947424711338625 5.8947424711338625 4.8947424711338661 5.8947424711338625
6.8947424711338590 5.8947424711338625 5.8947424711338625 5.8947424711338625 5.8947424711338625 5.8947424711338625 5.8947424711338625 5.8947424711338625 5.8947424711338625 4.8947424711338661 5.8947424711338625
6.8947424711338590 5.8947424711338625 5.8947424711338625 5.8947424711338625 5.8947424711338625 5.8947424711338625 5.8947424711338625 5.8947424711338625 5.8947424711338625 4.8947424711338661 5.8947424711338625
6.8947424711338590 5.8947424711338625 5.8947424711338625 5.8947424711338625 5.8947424711338625 5.8947424711338625 5.8947424711338625 5.8947424711338625 5.8947424711338625 4.8947424711338661 5.8947424711338625
6.8947424711338590 5.8947424711338625 5.8947424711338625 5.8947424711338625 5.8947424711338625 5.8947424711338625 5.8947424711338625 5.8947424711338625 5.8947424711338625 4.8947424711338661 5.8947424711338625
6.8947424711338590 5.8947424711338625 5.8947424711338625 5.8947424711338625 5.8947424711338625 5.8947424711338625 5.8947424711338625 5.8947424711338625 5.8947424711338625 4.8947424711338661 5.8947424711338625
6.8947424711338590 5.8947424711338625 5.8947424711338625 5.8947424711338625 5.8947424711338625 5.8947424711338625 5.8947424711338625 5.8947424711338625 5.8947424711338625 4.8947424711338661 5.8947424711338625
6.8947424711338590 5.8947424711338625 5.8947424711338625 5.8947424711338625 5.8947424711338625 5.8947424711338625 5.8947424711338625 5.8947424711338625 5.8947424711338625 4.8947424711338661 5.8947424711338625
6.8947424711338590 5.8947424711338625 5.8947424711338625 5.8947424711338625 5.8947424711338625 5.8947424711338625 5.8947424711338625 5.8947424711338625 5.8947424711338625 4.8947424711338661 5.8947424711338625
6.8947424711338590 5.8947424711338625 5.8947424711338625 6.3947424711338616 5.8947424711338625 5.8947424711338625 5.8947424711338625 5.8947424711338625 5.8947424711338625 4.8947424711338661 5.8947424711338625
6.8947424711338590 5.8947424711338625 5.8947424711338625 6.8947424711338590 5.8947424711338625 5.8947424711338625 5.8947424711338625 5.8947424711338625 5.8947424711338625 4.8947424711338661 5.8947424711338625
6.8947424711338590 5.8947424711338625 5.8947424711338625 6.8947424711338590 5.8947424711338625 5.8947424711338625 5.8947424711338625 5.8947424711338625 5.8947424711338625 4.8947424711338661 5.8947424711338625
6.8947424711338590 5.8947424711338625 5.8947424711338625 6.8947424711338590 5.8947424711338625 5.8947424711338625 5.8947424711338625 5.8947424711338625 5.8947424711338625 4.8947424711338661 5.8947424711338625
6.8947424711338590 5.8947424711338625 5.8947424711338625 6.8947424711338590 5.8947424711338625 5.8947424711338625 5.8947424711338625 5.8947424711338625 5.8947424711338625 4.8947424711338661 5.8947424711338625
6.8947424711338590 5.8947424711338625 5.8947424711338625 6.8947424711338590 5.8947424711338625 5.8947424711338625 5.8947424711338625 5.8947424711338625 5.8947424711338625 4.8947424711338661 5.8947424711338625
6.8947424711338590 5.8947424711338625 5.8947424711338625 6.8947424711338590 5.8947424711338625 5.8947424711338625 5.8947424711338625 5.8947424711338625 5.8947424711338625 4.8947424711338661 5.8947424711338625
6.8947424711338590 5.8947424711338625 5.8947424711338625 6.8947424711338590 5.8947424711338625 5.8947424711338625 5.8947424711338625 5.8947424711338625 5.8947424711338625 4.8947424711338661 5.8947424711338625
6.8947424711338590 5.8947424711338625 5.8947424711338625 6.8947424711338590 5.8947424711338625 5.8947424711338625 5.8947424711338625 5.8947424711338625 5.8947424711338625 4.8947424711338661 5.8947424711338625
6.8947424711338590 5.8947424711338625 5.8947424711338625 6.8947424711338590 5.8947424711338625 5.8947424711338625 5.8947424711338625 5.8947424711338625 5.8947424711338625 4.8947424711338661 5.8947424711338625
6.8947424711338590 5.8947424711338625 5.8947424711338625 6.8947424711338590 5.8947424711338625 5.8947424711338625 5.8947424711338625 5.8947424711338625 5.8947424711338625 4.8947424711338661 5.8947424711338625
6.8947424711338590 5.8947424711338625 5.8947424711338625 6.8947424711338590 5.8947424711338625 5.8947424711338625 5.8947424711338625 5.8947424711338625 5.8947424711338625 4.8947424711338661 5.8947424711338625
6.8947424711338590 5.8947424711338625 5.8947424711338625 6.8947424711338590 5.8947424711338625 5.8947424711338625 5.8947424711338625 5.8947424711338625 5.8947424711338625 4.8947424711338661 5.8947424711338625
6.8947424711338590 5.8947424711338625 5.8947424711338625 6.8947424711338590 5.8947424711338625 5.8947424711338625 5.8947424711338625 5.8947424711338625 5.8947424711338625 4.8947424711338661 5.2747424711338660
6.8947424711338590 5.8947424711338625 5.8947424711338625 6.8947424711338590 5.8947424711338625 5.8947424711338625 5.8947424711338625 5.8947424711338625 5.8947424711338625 4.8947424711338661 4.8947424711338661
6.8947424711338590 5.8947424711338625 5.8947424711338625 6.8947424711338590 5.8947424711338625 5.8947424711338625 5.8947424711338625 5.8947424711338625 5.8947424711338625 4.8947424711338661 4.8947424711338661
6.8947424711338590 5.8947424711338625 5.8947424711338625 6.8947424711338590 5.8947424711338625 5.8947424711338625 5.8947424711338625 5.8947424711338625 5.8947424711338625 4.8947424711338661 4.8947424711338661
6.8947424711338590 5.8947424711338625 5.8947424711338625 6.8947424711338590 5.8947424711338625 5.8947424711338625 5.8947424711338625 5.8947424711338625 5.8947424711338625 4.8947424711338661 4.8947424711338661
6.8947424711338590 5.8947424711338625 5.8947424711338625 6.8947424711338590 5.8947424711338625 5.8947424711338625 5.8947424711338625 5.8947424711338625 5.8947424711338625 4.8947424711338661 4.8947424711338661
6.8947424711338590 5.8947424711338625 5.8947424711338625 6.8947424711338590 5.8947424711338625 5.8947424711338625 5.8947424711338625 5.8947424711338625 5.8947424711338625 4.8947424711338661 4.8947424711338661
6.8947424711338590 5.8947424711338625 5.8947424711338625 6.5347424711338586 5.8947424711338625 5.8947424711338625 5.8947424711338625 5.8947424711338625 5.8947424711338625 4.8947424711338661 4.8947424711338661
6.8947424711338590 5.8947424711338625 5.8947424711338625 5.8947424711338625 5.8947424711338625 5.8947424711338625 5.8947424711338625 5.8947424711338625 5.8947424711338625 4.8947424711338661 4.8947424711338661
6.8947424711338590 5.8947424711338625 5.8947424711338625 5.8947424711338625 5.8947424711338625 5.8947424711338625 5.8947424711338625 5.8947424711338625 5.8947424711338625 4.8947424711338661 4.8947424711338661
7.8147424711338571 5.8947424711338625 5.8947424711338625 5.8947424711338625 5.8947424711338625 5.8947424711338625 5.8947424711338625 5.8947424711338625 5.8947424711338625 4.8947424711338661 4.8947424711338661
7.1947424711338579 5.8947424711338625 5.8947424711338625 5.8947424711338625 5.8947424711338625 5.8947424711338625 5.8947424711338625 5.8947424711338625 5.8947424711338625 5.5947424711338636 5.5947424711338636
6.8947424711338590 5.8947424711338625 5.8947424711338625 5.8947424711338625 5.8947424711338625 5.8947424711338625 5.8947424711338625 5.8947424711338625 5.8947424711338625 5.3347424711338647 5.3347424711338647
6.8947424711338590 5.8947424711338625 5.8947424711338625 5.8947424711338625 5.8947424711338625 5.8947424711338625 5.8947424711338625 5.8947424711338625 5.8947424711338625 5.6747424711338637 5.6747424711338637
6.8947424711338590 5.8947424711338625 5.8947424711338625 5.8947424711338625 5.8947424711338625 5.8947424711338625 5.8947424711338625 5.8947424711338625 6.6747424711338601 7.0747424711338587 7.4547424711338577
6.4747424711338599 5.8947424711338625 5.8947424711338625 5.8947424711338625 5.8947424711338625 5.8947424711338625 5.8947424711338625 5.8947424711338625 6.8947424711338590 7.8947424711338563 7.8947424711338563
5.8947424711338625 5.8947424711338625 5.8947424711338625 5.8947424711338625 5.8947424711338625 5.8947424711338625 5.8547424711338625 5.8547424711338625 6.8547424711338589 7.8147424711338571 7.8147424711338571
5.8947424711338625 5.8947424711338625 5.8947424711338625 5.8947424711338625 5.8947424711338625 5.8947424711338625 5.8347424711338620 5.8347424711338620 6.8347424711338594 6.8347424711338594 6.8347424711338594
5.8947424711338625 5.8947424711338625 5.8947424711338625 5.8947424711338625 5.8947424711338625 5.8947424711338625 5.8947424711338625 5.8947424711338625 6.8947424711338590 6.8947424711338590 6.8947424711338590
5.8947424711338625 5.8947424711338625 5.8947424711338625 5.8947424711338625 5.8947424711338625 5.8947424711338625 5.8947424711338625 5.8947424711338625 6.8947424711338590 6.8947424711338590 6.8947424711338590
5.8947424711338625 5.8947424711338625 5.8947424711338625 5.8947424711338625 5.8947424711338625 5.8947424711338625 5.8947424711338625 5.8947424711338625 6.8947424711338590 6.8947424711338590 6.8947424711338590
5.8947424711338625 5.8947424711338625 5.8947424711338625 5.8947424711338625 5.8947424711338625 5.8947424711338625 5.8947424711338625 5.8947424711338625 6.8947424711338590 6.8947424711338590 6.8947424711338590
5.8947424711338625 5.8947424711338625 5.8947424711338625 5.8947424711338625 5.8947424711338625 5.8947424711338625 7.2547424711338566 5.8947424711338625 6.0147424711338626 6.0147424711338626 6.0147424711338626
5.8947424711338625 5.8947424711338625 5.8947424711338625 5.8947424711338625 5.8947424711338625 5.8947424711338625 5.8947424711338625 5.8947424711338625 5.8947424711338625 5.8947424711338625 5.8947424711338625
5.8947424711338625 5.8947424711338625 5.8947424711338625 5.8947424711338625 5.8947424711338625 5.8947424711338625 5.8947424711338625 4.9347424711338661 4.9347424711338661 5.8947424711338625 5.8947424711338625
5.8947424711338625 5.8947424711338625 5.8947424711338625 5.8947424711338625 5.8947424711338625 5.8947424711338625 5.8947424711338625 4.8947424711338661 4.8947424711338661 5.8947424711338625 5.8947424711338625
6.3347424711338620 6.3347424711338620 5.8947424711338625 5.8947424711338625 5.8947424711338625 5.8947424711338625 5.8947424711338625 4.8947424711338661 4.8947424711338661 5.8947424711338625 5.8947424711338625
7.8947424711338563 7.8947424711338563 5.8947424711338625 5.8947424711338625 5.8947424711338625 5.8947424711338625 5.8947424711338625 4.8947424711338661 4.8947424711338661 5.8947424711338625 5.8947424711338625
7.8947424711338563 7.8947424711338563 5.8947424711338625 5.8947424711338625 5.8947424711338625 5.8947424711338625 5.8947424711338625 4.8947424711338661 4.8947424711338661 5.8947424711338625 5.8947424711338625
7.8947424711338563 7.8947424711338563 5.8947424711338625 5.8947424711338625 5.8947424711338625 5.8947424711338625 5.8947424711338625 4.8947424711338661 4.8947424711338661 6.8147424711338589 6.8147424711338589
7.4947424711338568 7.4947424711338568 5.8947424711338625 5.8947424711338625 5.8947424711338625 5.8947424711338625 5.8947424711338625 4.8947424711338661 4.8947424711338661 6.8947424711338590 6.8947424711338590
5.8947424711338625 5.8947424711338625 5.8947424711338625 5.8947424711338625 5.8947424711338625 5.8947424711338625 5.8947424711338625 4.8947424711338661 4.8947424711338661 6.8947424711338590 6.8947424711338590
5.8947424711338625 5.8947424711338625 5.8947424711338625 5.8947424711338625 5.8947424711338625 5.8947424711338625 5.8947424711338625 4.8947424711338661 4.8947424711338661 6.8947424711338590 6.8947424711338590
5.8947424711338625 5.8947424711338625 5.8947424711338625 5.8947424711338625 5.8947424711338625 5.8947424711338625 5.8947424711338625 4.8947424711338661 4.8947424711338661 6.8947424711338590 6.8947424711338590
5.8947424711338625 5.8947424711338625 5.8947424711338625 5.8947424711338625 5.8947424711338625 5.8947424711338625 5.8947424711338625 4.8947424711338661 4.8947424711338661 6.8947424711338590 6.8947424711338590
5.8947424711338625 5.8947424711338625 5.8947424711338625 5.8947424711338625 5.8947424711338625 5.8947424711338625 5.8947424711338625 4.8947424711338661 4.8947424711338661 6.8947424711338590 6.8947424711338590
5.8947424711338625 5.8947424711338625 5.8947424711338625 5.8947424711338625 5.8947424711338625 5.8947424711338625 5.8947424711338625 4.8947424711338661 4.8947424711338661 6.8947424711338590 6.8947424711338590
5.8947424711338625 5.8947424711338625 5.8947424711338625 5.8947424711338625 5.8947424711338625 5.8947424711338625 5.8947424711338625 4.8947424711338661 4.8947424711338661 6.8947424711338590 6.8947424711338590
5.8947424711338625 5.8947424711338625 5.8947424711338625 5.8947424711338625 5.8947424711338625 5.8947424711338625 5.8947424711338625 4.8947424711338661 4.8947424711338661 6.8947424711338590 6.8947424711338590
6.0147424711338626 6.0147424711338626 5.8947424711338625 5.8947424711338625 5.8947424711338625 5.5147424711338635 5.5147424711338635 4.8947424711338661 4.8947424711338661 6.8947424711338590 6.8947424711338590
6.8947424711338590 6.8947424711338590 5.8947424711338625 5.8947424711338625 5.8947424711338625 4.8947424711338661 4.8947424711338661 4.8947424711338661 4.8947424711338661 6.8947424711338590 6.8947424711338590
6.0147424711338626 6.0147424711338626 5.8947424711338625 5.8947424711338625 5.8947424711338625 4.8947424711338661 4.8947424711338661 4.8947424711338661 4.8947424711338661 6.8947424711338590 6.8947424711338590
5.8947424711338625 5.8947424711338625 5.8947424711338625 5.8947424711338625 5.8947424711338625 4.8947424711338661 4.8947424711338661 4.8947424711338661 4.8947424711338661 6.8947424711338590 6.8947424711338590
5.8947424711338625 5.8947424711338625 5.8947424711338625 5.8947424711338625 5.8947424711338625 4.8947424711338661 4.8947424711338661 4.8947424711338661 4.8947424711338661 6.8947424711338590 6.8947424711338590
5.8947424711338625 5.8947424711338625 5.8947424711338625 5.8947424711338625 5.8947424711338625 4.8947424711338661 4.8947424711338661 4.8947424711338661 4.8947424711338661 6.8947424711338590 6.8947424711338590
5.8947424711338625 5.8947424711338625 5.8947424711338625 5.8947424711338625 5.8947424711338625 4.8947424711338661 4.8947424711338661 4.8947424711338661 4.8947424711338661 6.8947424711338590 7.0347424711338586
5.8947424711338625 5.8947424711338625 5.8947424711338625 5.8947424711338625 5.8947424711338625 4.8947424711338661 4.8947424711338661 4.8947424711338661 4.8947424711338661 6.8947424711338590 7.8947424711338563
5.8947424711338625 5.8947424711338625 5.8947424711338625 5.8947424711338625 5.8947424711338625 4.8947424711338661 4.8947424711338661 4.8947424711338661 4.8947424711338661 6.8947424711338590 7.8947424711338563
5.8947424711338625 5.8947424711338625 5.8947424711338625 5.8947424711338625 5.8947424711338625 4.8947424711338661 4.8947424711338661 4.8947424711338661 4.8947424711338661 6.8947424711338590 7.8947424711338563
5.8947424711338625 5.8947424711338625 5.8947424711338625 5.8947424711338625 5.8947424711338625 4.8947424711338661 4.8947424711338661 4.8947424711338661 4.8947424711338661 6.8947424711338590 7.8947424711338563
5.8947424711338625 5.8947424711338625 5.8947424711338625 5.8947424711338625 5.8947424711338625 4.8947424711338661 4.8947424711338661 4.8947424711338661 4.8947424711338661 6.8947424711338590 7.8947424711338563
5.8947424711338625 5.8947424711338625 5.8947424711338625 5.8947424711338625 5.8947424711338625 4.8947424711338661 4.8947424711338661 4.8947424711338661 4.8947424711338661 6.8947424711338590 7.8947424711338563
5.8947424711338625 5.8947424711338625 5.8947424711338625 5.8947424711338625 5.8947424711338625 4.8947424711338661 4.8947424711338661 4.8947424711338661 4.8947424711338661 6.8947424711338590 7.8947424711338563
5.8947424711338625 5.8947424711338625 5.8947424711338625 5.8947424711338625 5.8947424711338625 4.8947424711338661 4.8947424711338661 4.8947424711338661 4.8947424711338661 6.8947424711338590 7.8947424711338563
5.8947424711338625 5.8947424711338625 5.8947424711338625 5.8947424711338625 5.8947424711338625 4.8947424711338661 4.8947424711338661 4.8947424711338661 4.8947424711338661 6.8947424711338590 7.8947424711338563
5.8947424711338625 5.8947424711338625 5.8947424711338625 5.8947424711338625 5.8947424711338625 4.8947424711338661 4.8947424711338661 4.8947424711338661 4.8947424711338661 6.8947424711338590 7.8947424711338563
5.8947424711338625 5.8947424711338625 5.8947424711338625 5.8947424711338625 5.8947424711338625 4.8947424711338661 4.8947424711338661 4.8947424711338661 4.8947424711338661 6.8947424711338590 7.8947424711338563
5.8947424711338625 5.8947424711338625 5.8947424711338625 5.8947424711338625 5.8947424711338625 4.8947424711338661 4.8947424711338661 4.8947424711338661 4.8947424711338661 6.8947424711338590 7.8947424711338563
5.8947424711338625 5.8947424711338625 5.8947424711338625 5.8947424711338625 5.8947424711338625 4.8947424711338661 4.8947424711338661 4.8947424711338661 4.8947424711338661 6.8947424711338590 7.8947424711338563
5.8947424711338625 5.8947424711338625 5.8947424711338625 5.8947424711338625 5.8947424711338625 4.8947424711338661 4.8947424711338661 4.8947424711338661 4.8947424711338661 6.8947424711338590 7.8947424711338563
5.8947424711338625 5.8947424711338625 5.8947424711338625 5.8947424711338625 5.8947424711338625 4.8947424711338661 4.8947424711338661 4.8947424711338661 4.8947424711338661 6.8947424711338590 7.8947424711338563
5.8947424711338625 5.8947424711338625 5.8947424711338625 5.8947424711338625 5.8947424711338625 4.8947424711338661 4.8947424711338661 4.8947424711338661 4.8947424711338661 6.8947424711338590 7.8947424711338563
5.8947424711338625 5.8947424711338625 5.8947424711338625 5.8947424711338625 5.8947424711338625 4.8947424711338661 4.8947424711338661 4.8947424711338661 4.8947424711338661 6.8947424711338590 7.8947424711338563
5.8947424711338625 5.8947424711338625 5.8947424711338625 5.8947424711338625 5.8947424711338625 4.8947424711338661 4.8947424711338661 4.8947424711338661 4.8947424711338661 6.8947424711338590 7.8947424711338563
5.8947424711338625 5.8947424711338625 5.8947424711338625 5.8947424711338625 5.8947424711338625 4.8947424711338661 4.8947424711338661 4.8947424711338661 4.8947424711338661 6.8947424711338590 7.8947424711338563
5.6747424711338637 5.6747424711338637 5.6747424711338637 5.6747424711338637 5.8947424711338625 4.8947424711338661 4.8947424711338661 4.8947424711338661 4.8947424711338661 6.8947424711338590 7.8947424711338563
4.8947424711338661 4.8947424711338661 4.8947424711338661 4.8947424711338661 5.8947424711338625 4.8947424711338661 4.8947424711338661 4.8947424711338661 4.8947424711338661 6.8947424711338590 7.8947424711338563
5.8547424711338625 5.8547424711338625 5.8547424711338625 5.8547424711338625 5.8947424711338625 4.8947424711338661 4.8947424711338661 4.8947424711338661 4.8947424711338661 6.8947424711338590 7.8947424711338563
5.8947424711338625 5.8947424711338625 5.8947424711338625 5.8947424711338625 5.8947424711338625 4.8947424711338661 4.8947424711338661 4.8947424711338661 4.8947424711338661 6.8947424711338590 7.8947424711338563
5.8947424711338625 5.8947424711338625 5.8947424711338625 5.8947424711338625 5.8947424711338625 4.8947424711338661 4.8947424711338661 4.8947424711338661 4.8947424711338661 6.8947424711338590 7.8947424711338563
5.8947424711338625 5.8947424711338625 5.8947424711338625 5.8947424711338625 5.8947424711338625 4.8947424711338661 4.8947424711338661 4.8947424711338661 4.8947424711338661 6.8947424711338590 7.8947424711338563
5.8947424711338625 5.8947424711338625 5.8947424711338625 5.8947424711338625 5.8947424711338625 4.8947424711338661 4.8947424711338661 4.8947424711338661 4.8947424711338661 6.8947424711338590 7.8947424711338563
5.8947424711338625 5.8947424711338625 5.8947424711338625 5.8947424711338625 5.8947424711338625 4.8947424711338661 4.8947424711338661 4.8947424711338661 4.8947424711338661 6.8947424711338590 7.8947424711338563
5.8947424711338625 5.8947424711338625 5.8947424711338625 5.8947424711338625 5.8947424711338625 4.8947424711338661 4.8947424711338661 4.8947424711338661 4.8947424711338661 6.8947424711338590 7.8947424711338563
5.8947424711338625 5.8947424711338625 5.8947424711338625 5.8947424711338625 5.8947424711338625 4.8947424711338661 4.8947424711338661 4.8947424711338661 4.8947424711338661 6.8947424711338590 7.8947424711338563
5.8947424711338625 5.8947424711338625 5.8947424711338625 5.8947424711338625 5.8947424711338625 4.8947424711338661 4.8947424711338661 4.8947424711338661 4.8947424711338661 6.8947424711338590 7.8947424711338563
5.8947424711338625 5.8947424711338625 5.8947424711338625 5.8947424711338625 5.8947424711338625 4.8947424711338661 4.8947424711338661 4.8947424711338661 4.8947424711338661 6.8947424711338590 7.8947424711338563
5.8947424711338625 5.8947424711338625 5.8947424711338625 5.8947424711338625 5.8947424711338625 4.8947424711338661 4.8947424711338661 4.8947424711338661 4.8947424711338661 6.8947424711338590 7.8947424711338563
5.8947424711338625 5.8947424711338625 5.8947424711338625 5.8947424711338625 5.8947424711338625 4.8947424711338661 4.8947424711338661 4.8947424711338661 4.8947424711338661 6.8947424711338590 7.8947424711338563
5.8947424711338625 5.8947424711338625 5.8947424711338625 5.8947424711338625 5.8947424711338625 4.8947424711338661 4.8947424711338661 4.8947424711338661 4.8947424711338661 6.8947424711338590 7.8947424711338563
5.8947424711338625 5.8947424711338625 5.8947424711338625 5.8947424711338625 5.8947424711338625 4.8947424711338661 4.8947424711338661 4.8947424711338661 4.8947424711338661 6.8947424711338590 7.8947424711338563
6.1347424711338627 5.8947424711338625 5.8947424711338625 5.8947424711338625 5.8947424711338625 4.8947424711338661 4.8947424711338661 4.8947424711338661 4.8947424711338661 6.8947424711338590 7.8947424711338563
7.8947424711338563 5.8947424711338625 5.8947424711338625 5.8947424711338625 5.8947424711338625 4.8947424711338661 4.8947424711338661 4.8947424711338661 4.8947424711338661 6.8947424711338590 7.8947424711338563
7.8947424711338563 5.8947424711338625 5.8947424711338625 5.8947424711338625 5.8947424711338625 4.8947424711338661 4.8947424711338661 4.8947424711338661 4.8947424711338661 6.8947424711338590 7.8947424711338563
7.8947424711338563 5.8947424711338625 5.8947424711338625 5.8947424711338625 5.8947424711338625 4.8947424711338661 4.8947424711338661 4.8947424711338661 4.8947424711338661 6.8947424711338590 7.8947424711338563
7.8947424711338563 5.8947424711338625 5.8947424711338625 5.8947424711338625 5.8947424711338625 4.8947424711338661 4.8947424711338661 4.8947424711338661 4.8947424711338661 6.8947424711338590 7.8947424711338563
7.8947424711338563 5.8947424711338625 5.8947424711338625 5.8947424711338625 5.8947424711338625 4.8947424711338661 4.8947424711338661 4.8947424711338661 4.8947424711338661 6.8947424711338590 7.8947424711338563
7.8947424711338563 5.8947424711338625 5.8947424711338625 5.8947424711338625 5.8947424711338625 4.8947424711338661 4.8947424711338661 4.8947424711338661 4.8947424711338661 6.8947424711338590 7.8947424711338563
7.8947424711338563 5.8947424711338625 5.8947424711338625 5.8947424711338625 5.8947424711338625 4.8947424711338661 4.8947424711338661 4.8947424711338661 4.8947424711338661 6.8947424711338590 7.8947424711338563
6.3747424711338603 5.8947424711338625 5.8947424711338625 5.8947424711338625 5.8947424711338625 5.4547424711338648 5.1747424711338654 5.1747424711338654 5.1747424711338654 6.6147424711338587 7.3347424711338567
5.8947424711338625 5.8947424711338625 5.8947424711338625 5.8947424711338625 5.8947424711338625 6.8947424711338590 5.8947424711338625 5.8947424711338625 5.8947424711338625 5.8947424711338625 5.8947424711338625
5.8947424711338625 5.8947424711338625 5.8947424711338625 5.8947424711338625 5.8947424711338625 6.8947424711338590 5.8947424711338625 5.8947424711338625 5.8947424711338625 5.8947424711338625 5.8947424711338625
5.8947424711338625 5.8947424711338625 5.8947424711338625 5.8947424711338625 5.8947424711338625 6.8947424711338590 5.8947424711338625 5.8947424711338625 5.8947424711338625 5.8947424711338625 5.8947424711338625
5.8947424711338625 5.8947424711338625 5.8947424711338625 5.8947424711338625 5.8947424711338625 6.8947424711338590 5.8947424711338625 5.8947424711338625 5.8947424711338625 5.8947424711338625 6.1147424711338623
5.8947424711338625 5.8947424711338625 5.8947424711338625 5.8947424711338625 5.8947424711338625 6.8947424711338590 5.8947424711338625 5.8947424711338625 5.8947424711338625 5.8947424711338625 6.8947424711338590
5.8947424711338625 5.8947424711338625 5.8947424711338625 5.8947424711338625 5.8947424711338625 6.8947424711338590 5.8947424711338625 5.8947424711338625 5.8947424711338625 5.8947424711338625 6.8947424711338590
5.8947424711338625 5.8947424711338625 5.8947424711338625 5.8947424711338625 5.8947424711338625 6.8947424711338590 5.8947424711338625 5.8947424711338625 5.8947424711338625 5.8947424711338625 6.8947424711338590
5.8947424711338625 5.8947424711338625 5.8947424711338625 5.8947424711338625 5.8947424711338625 6.8947424711338590 5.8947424711338625 5.8947424711338625 5.8947424711338625 5.8947424711338625 6.8947424711338590
5.8947424711338625 5.8947424711338625 5.8947424711338625 5.8947424711338625 5.8947424711338625 6.8947424711338590 5.8947424711338625 5.8947424711338625 5.8947424711338625 5.8947424711338625 6.8347424711338594
5.8947424711338625 5.8947424711338625 5.8947424711338625 5.8947424711338625 5.8947424711338625 6.8947424711338590 5.8947424711338625 5.8947424711338625 5.8947424711338625 5.8947424711338625 5.8947424711338625
5.8947424711338625 5.8947424711338625 5.8947424711338625 5.8947424711338625 5.8947424711338625 6.3347424711338602 5.8947424711338625 5.8947424711338625 5.8947424711338625 5.8947424711338625 5.7347424711338624
5.8947424711338625 5.8947424711338625 5.8947424711338625 5.8947424711338625 5.8947424711338625 5.8947424711338625 5.8947424711338625 5.8947424711338625 5.8947424711338625 5.8947424711338625 4.8947424711338661
5.8947424711338625 5.8947424711338625 5.8947424711338625 5.8947424711338625 5.8947424711338625 5.8947424711338625 5.8947424711338625 5.8947424711338625 5.8947424711338625 5.8947424711338625 4.8947424711338661
5.8947424711338625 5.8947424711338625 5.8947424711338625 5.8947424711338625 5.8947424711338625 5.8947424711338625 5.8947424711338625 5.8947424711338625 5.8947424711338625 5.8947424711338625 4.8947424711338661
5.8947424711338625 5.8947424711338625 5.8947424711338625 5.8947424711338625 5.8947424711338625 5.8947424711338625 5.8947424711338625 5.8947424711338625 5.8947424711338625 5.8947424711338625 4.8947424711338661
5.8947424711338625 5.8947424711338625 5.8947424711338625 5.8947424711338625 5.8947424711338625 5.8947424711338625 5.8947424711338625 5.8947424711338625 5.8947424711338625 5.8947424711338625 4.8947424711338661
5.8947424711338625 5.8947424711338625 5.8947424711338625 5.8947424711338625 5.8947424711338625 5.8947424711338625 5.8947424711338625 5.8947424711338625 5.8947424711338625 5.8947424711338625 4.8947424711338661
5.8947424711338625 5.8947424711338625 5.8947424711338625 5.8947424711338625 5.8947424711338625 5.8947424711338625 5.8947424711338625 5.8947424711338625 5.8947424711338625 5.8947424711338625 4.8947424711338661
5.8947424711338625 5.8947424711338625 5.8947424711338625 5.8947424711338625 5.8947424711338625 5.8947424711338625 5.8947424711338625 5.8947424711338625 5.8947424711338625 5.8947424711338625 4.8947424711338661
5.8947424711338625 5.8947424711338625 5.8947424711338625 5.8947424711338625 5.8947424711338625 5.8947424711338625 5.8947424711338625 5.8947424711338625 5.8947424711338625 5.8947424711338625 4.8947424711338661
5.8947424711338625 5.8947424711338625 5.8947424711338625 5.8947424711338625 5.8947424711338625 5.8947424711338625 5.8947424711338625 5.8947424711338625 5.8947424711338625 5.8947424711338625 4.8947424711338661
5.8947424711338625 5.8947424711338625 5.8947424711338625 5.8947424711338625 5.8947424711338625 5.8947424711338625 5.8947424711338625 5.8947424711338625 5.8947424711338625 6.2547424711338611 5.2547424711338655
5.8947424711338625 5.8947424711338625 5.8947424711338625 5.8947424711338625 5.8947424711338625 5.8947424711338625 5.8947424711338625 5.8947424711338625 5.8947424711338625 6.8947424711338590 5.8947424711338625
5.8947424711338625 5.8947424711338625 5.8947424711338625 5.8947424711338625 5.8947424711338625 5.8947424711338625 5.8947424711338625 5.8947424711338625 5.8947424711338625 6.8947424711338590 5.8947424711338625
5.8947424711338625 5.8947424711338625 5.8947424711338625 5.8947424711338625 5.8947424711338625 5.8947424711338625 5.8947424711338625 5.8947424711338625 5.8947424711338625 6.8947424711338590 5.8947424711338625
5.8947424711338625 5.8947424711338625 5.8947424711338625 5.8947424711338625 5.8947424711338625 5.8947424711338625 5.8947424711338625 5.8947424711338625 5.8947424711338625 6.8947424711338590 5.8947424711338625
5.8947424711338625 5.8947424711338625 5.8947424711338625 5.8947424711338625 5.8947424711338625 5.8947424711338625 5.8947424711338625 5.8947424711338625 5.8947424711338625 6.8947424711338590 5.8947424711338625
5.8947424711338625 5.8947424711338625 5.8947424711338625 5.8947424711338625 5.8947424711338625 5.8947424711338625 5.8947424711338625 5.8947424711338625 5.8947424711338625 6.8947424711338590 5.8947424711338625
5.8947424711338625 5.8947424711338625 5.8947424711338625 5.8947424711338625 5.8947424711338625 5.8947424711338625 5.8947424711338625 5.8947424711338625 5.8947424711338625 6.8947424711338590 5.8947424711338625
5.8947424711338625 5.8947424711338625 5.8947424711338625 5.8947424711338625 5.8947424711338625 5.8947424711338625 5.8947424711338625 5.8947424711338625 5.8947424711338625 6.8947424711338590 5.8947424711338625
5.8947424711338625 5.8947424711338625 5.8947424711338625 5.8947424711338625 5.8947424711338625 5.8947424711338625 5.8947424711338625 5.8947424711338625 5.8947424711338625 6.8947424711338590 5.8947424711338625
5.8947424711338625 5.8947424711338625 5.8947424711338625 5.8947424711338625 5.8947424711338625 5.8947424711338625 5.8947424711338625 5.8947424711338625 5.8947424711338625 6.8947424711338590 5.8947424711338625
5.8947424711338625 5.8947424711338625 5.8947424711338625 5.8947424711338625 5.8947424711338625 5.8947424711338625 5.8947424711338625 5.8947424711338625 5.8947424711338625 6.8947424711338590 5.8947424711338625
5.8947424711338625 5.8947424711338625 5.8947424711338625 5.8947424711338625 5.8947424711338625 5.8947424711338625 5.8947424711338625 5.8947424711338625 5.8947424711338625 6.8947424711338590 5.8947424711338625
5.8947424711338625 5.8947424711338625 5.8947424711338625 5.8947424711338625 5.8947424711338625 5.8947424711338625 5.8947424711338625 5.8947424711338625 5.8947424711338625 6.8947424711338590 5.8947424711338625
5.8947424711338625 5.8947424711338625 5.8947424711338625 5.8947424711338625 5.8947424711338625 5.8947424711338625 5.8947424711338625 5.8947424711338625 5.8947424711338625 6.8947424711338590 5.8947424711338625
5.8947424711338625 5.8947424711338625 5.8947424711338625 5.8947424711338625 5.8947424711338625 5.8947424711338625 5.8947424711338625 5.8947424711338625 5.8947424711338625 6.8947424711338590 5.8947424711338625
5.8947424711338625 5.8947424711338625 5.8947424711338625 5.8947424711338625 5.8947424711338625 5.8947424711338625 5.8947424711338625 5.8947424711338625 5.8947424711338625 6.8947424711338590 5.8947424711338625
5.8947424711338625 5.8947424711338625 5.8947424711338625 5.8947424711338625 5.8947424711338625 5.8947424711338625 5.8947424711338625 5.8947424711338625 5.8947424711338625 6.7147424711338592 5.8947424711338625
5.8947424711338625 5.8947424711338625 5.8947424711338625 5.8947424711338625 5.8947424711338625 5.8947424711338625 5.8947424711338625 5.8947424711338625 5.8947424711338625 5.0747424711338667 5.8947424711338625
5.8947424711338625 5.8947424711338625 5.8947424711338625 5.8947424711338625 5.8947424711338625 5.8947424711338625 5.8947424711338625 5.8947424711338625 5.8947424711338625 4.8947424711338661 5.8947424711338625
5.8947424711338625 5.8947424711338625 6.5347424711338604 5.8947424711338625 5.8947424711338625 5.8947424711338625 5.8947424711338625 5.8947424711338625 5.8947424711338625 5.8147424711338633 5.8947424711338625
5.8947424711338625 5.8947424711338625 6.8947424711338590 5.8947424711338625 5.8947424711338625 5.8947424711338625 5.8947424711338625 5.8947424711338625 5.8947424711338625 5.8947424711338625 5.8947424711338625
5.8947424711338625 5.8947424711338625 6.8947424711338590 5.8947424711338625 5.8947424711338625 5.8947424711338625 5.8947424711338625 5.8947424711338625 5.8947424711338625 5.8947424711338625 5.8947424711338625
5.8947424711338625 5.8947424711338625 6.8947424711338590 5.8947424711338625 5.8947424711338625 5.8947424711338625 5.8947424711338625 5.8947424711338625 5.8947424711338625 5.8947424711338625 5.8947424711338625
5.8947424711338625 5.8947424711338625 6.8947424711338590 5.8947424711338625 5.8947424711338625 5.8947424711338625 5.8947424711338625 5.8947424711338625 5.8947424711338625 5.8947424711338625 5.8947424711338625
5.8947424711338625 5.8947424711338625 6.8947424711338590 5.8947424711338625 5.8947424711338625 5.8947424711338625 5.8947424711338625 5.8947424711338625 5.8947424711338625 5.8947424711338625 5.5547424711338635
5.8947424711338625 5.8947424711338625 6.8947424711338590 5.8947424711338625 5.8947424711338625 5.8947424711338625 5.8947424711338625 5.8947424711338625 5.8947424711338625 5.8947424711338625 4.8947424711338661
5.8947424711338625 5.8947424711338625 6.8947424711338590 5.8947424711338625 5.8947424711338625 5.8947424711338625 5.8947424711338625 5.8947424711338625 5.8947424711338625 5.8947424711338625 4.8947424711338661
5.8947424711338625 5.8947424711338625 6.8947424711338590 5.8947424711338625 5.8947424711338625 5.8947424711338625 5.8947424711338625 5.8947424711338625 5.8947424711338625 5.8947424711338625 4.8947424711338661
5.8947424711338625 5.8947424711338625 6.8947424711338590 5.8947424711338625 5.8947424711338625 5.8947424711338625 5.8947424711338625 5.8947424711338625 5.8947424711338625 5.8947424711338625 4.8947424711338661
5.8947424711338625 5.8947424711338625 6.8947424711338590 5.8947424711338625 5.8947424711338625 5.8947424711338625 5.8947424711338625 5.4547424711338648 5.4547424711338648 5.8947424711338625 4.8947424711338661
5.8947424711338625 5.8947424711338625 6.8947424711338590 5.8947424711338625 5.8947424711338625 5.8947424711338625 5.8947424711338625 4.8947424711338661 4.8947424711338661 5.8947424711338625 4.8947424711338661
5.8947424711338625 5.8947424711338625 6.8947424711338590 5.8947424711338625 5.8947424711338625 5.8947424711338625 5.8947424711338625 4.8947424711338661 4.8947424711338661 5.8947424711338625 4.8947424711338661
5.8947424711338625 5.8947424711338625 6.8947424711338590 5.8947424711338625 5.8947424711338625 5.8947424711338625 5.8947424711338625 4.8947424711338661 4.8947424711338661 5.8947424711338625 4.8947424711338661
5.8947424711338625 5.8947424711338625 6.8947424711338590 5.8947424711338625 5.8947424711338625 5.8947424711338625 5.8547424711338625 4.8947424711338661 4.8947424711338661 5.2347424711338659 4.8947424711338661
5.8947424711338625 5.8947424711338625 6.8947424711338590 5.8947424711338625 5.8947424711338625 5.8947424711338625 4.8947424711338661 4.8947424711338661 4.8947424711338661 4.8947424711338661 4.8947424711338661
5.8947424711338625 5.8947424711338625 6.8947424711338590 5.8947424711338625 5.8947424711338625 5.8947424711338625 4.8947424711338661 4.8947424711338661 4.8947424711338661 4.8947424711338661 4.8947424711338661
5.8947424711338625 5.8947424711338625 6.8947424711338590 5.8947424711338625 5.8947424711338625 5.8947424711338625 4.8947424711338661 4.8947424711338661 4.8947424711338661 4.8947424711338661 4.8947424711338661
5.8947424711338625 5.8947424711338625 6.8947424711338590 5.8947424711338625 5.8947424711338625 5.8947424711338625 4.8947424711338661 4.8947424711338661 4.8947424711338661 4.8947424711338661 4.8947424711338661
5.8947424711338625 5.8947424711338625 6.8947424711338590 5.8947424711338625 5.8947424711338625 5.8947424711338625 4.8947424711338661 4.8947424711338661 4.8947424711338661 4.8947424711338661 4.8947424711338661
5.5747424711338649 5.8947424711338625 6.8947424711338590 5.8947424711338625 5.8947424711338625 5.8947424711338625 4.8947424711338661 4.8947424711338661 4.8947424711338661 4.8947424711338661 4.8947424711338661
5.8947424711338625 5.8947424711338625 6.8947424711338590 5.8947424711338625 5.8947424711338625 5.8947424711338625 4.8947424711338661 4.8947424711338661 4.8947424711338661 4.8947424711338661 5.4947424711338648
5.8947424711338625 5.8947424711338625 6.8947424711338590 5.8947424711338625 5.8947424711338625 5.8947424711338625 4.8947424711338661 4.8947424711338661 4.8947424711338661 4.8947424711338661 5.8947424711338625
5.8947424711338625 5.8947424711338625 6.8947424711338590 5.8947424711338625 5.8947424711338625 5.8947424711338625 4.8947424711338661 5.4747424711338644 5.4747424711338644 5.4747424711338644 6.4747424711338617
5.8947424711338625 5.8947424711338625 6.8947424711338590 5.8947424711338625 5.8947424711338625 5.8947424711338625 4.8947424711338661 5.7747424711338624 5.7747424711338624 5.7747424711338624 6.7747424711338589
5.8947424711338625 5.8947424711338625 6.8947424711338590 5.8947424711338625 5.8947424711338625 5.8947424711338625 4.8947424711338661 4.8947424711338661 5.7347424711338633 4.8947424711338661 5.0547424711338662
5.8947424711338625 5.8947424711338625 6.8947424711338590 5.8947424711338625 5.8947424711338625 5.8947424711338625 4.9147424711338665 4.9147424711338665 5.9147424711338621 4.9147424711338665 4.9147424711338665
5.8947424711338625 5.8947424711338625 6.8947424711338590 5.8947424711338625 5.8947424711338625 5.8947424711338625 5.8947424711338625 5.8947424711338625 6.8947424711338590 5.8947424711338625 5.8947424711338625
5.8947424711338625 5.8947424711338625 6.8947424711338590 5.8947424711338625 5.8947424711338625 5.8947424711338625 6.1147424711338623 6.1147424711338623 6.8947424711338590 6.8147424711338589 6.8147424711338589
5.8947424711338625 5.8947424711338625 6.8947424711338590 7.2547424711338593 5.8947424711338625 5.2147424711338655 6.2147424711338610 6.2147424711338610 6.2147424711338610 6.2147424711338610 6.2147424711338610
5.8947424711338625 5.8947424711338625 6.8947424711338590 7.8947424711338563 5.8947424711338625 4.8947424711338661 5.8947424711338625 6.0947424711338627 6.0147424711338626 5.9347424711338626 6.0147424711338626
5.8947424711338625 5.8947424711338625 6.8947424711338590 7.8947424711338563 5.8947424711338625 4.8947424711338661 5.8947424711338625 6.8947424711338590 5.8947424711338625 4.8947424711338661 5.8947424711338625
5.8947424711338625 5.8947424711338625 6.8947424711338590 7.8947424711338563 5.8947424711338625 4.8947424711338661 5.8947424711338625 6.8947424711338590 5.8947424711338625 4.8947424711338661 5.8947424711338625
5.8947424711338625 5.8947424711338625 6.8947424711338590 7.8947424711338563 5.8947424711338625 4.8947424711338661 5.8947424711338625 6.8947424711338590 5.8947424711338625 4.8947424711338661 5.8947424711338625
5.8947424711338625 5.8947424711338625 6.8947424711338590 7.8947424711338563 5.8947424711338625 4.8947424711338661 5.8947424711338625 6.8947424711338590 5.8947424711338625 4.8947424711338661 5.8947424711338625
5.8947424711338625 5.8947424711338625 6.8947424711338590 7.8947424711338563 5.8947424711338625 4.8947424711338661 5.8947424711338625 6.8947424711338590 5.8947424711338625 4.8947424711338661 5.8947424711338625
5.8947424711338625 5.8947424711338625 6.8947424711338590 7.8947424711338563 5.8947424711338625 4.8947424711338661 5.8947424711338625 6.8947424711338590 5.8947424711338625 4.8947424711338661 5.8947424711338625
5.8947424711338625 5.8947424711338625 6.8947424711338590 7.8947424711338563 5.8947424711338625 4.8947424711338661 5.8947424711338625 6.8947424711338590 5.8947424711338625 4.8947424711338661 5.8947424711338625
5.8947424711338625 5.8947424711338625 6.8947424711338590 7.8947424711338563 5.8947424711338625 4.8947424711338661 5.8947424711338625 6.8947424711338590 5.8947424711338625 4.8947424711338661 5.8947424711338625
5.8947424711338625 5.8947424711338625 6.8947424711338590 7.8947424711338563 5.8947424711338625 4.8947424711338661 5.8947424711338625 6.8947424711338590 5.8947424711338625 4.8947424711338661 5.8947424711338625
5.8947424711338625 5.8947424711338625 6.8947424711338590 7.8947424711338563 5.8947424711338625 4.8947424711338661 5.8947424711338625 6.8947424711338590 5.8947424711338625 4.8947424711338661 5.8947424711338625
5.8947424711338625 5.8947424711338625 6.8947424711338590 7.8947424711338563 5.8947424711338625 4.8947424711338661 5.8947424711338625 6.8947424711338590 5.8947424711338625 4.8947424711338661 5.8947424711338625
5.8947424711338625 5.8947424711338625 6.8947424711338590 7.8947424711338563 5.8947424711338625 4.8947424711338661 5.8947424711338625 6.8947424711338590 5.8947424711338625 4.8947424711338661 5.8947424711338625
5.7547424711338637 5.8947424711338625 6.1947424711338615 6.4947424711338604 5.8947424711338625 5.5947424711338636 5.1947424711338659 5.4947424711338648 5.1947424711338659 4.8947424711338661 5.8947424711338625
5.8947424711338625 5.8947424711338625 5.8947424711338625 5.8947424711338625 5.8947424711338625 5.8947424711338625 4.8947424711338661 4.8947424711338661 4.8947424711338661 4.8947424711338661 5.8947424711338625
5.8947424711338625 5.8947424711338625 5.8947424711338625 6.7347424711338597 5.8947424711338625 5.8947424711338625 5.8547424711338625 5.8547424711338625 5.8547424711338625 5.8547424711338625 6.8547424711338589
5.1947424711338659 5.1947424711338659 5.1947424711338659 6.1947424711338615 5.8947424711338625 5.8947424711338625 5.8947424711338625 5.9547424711338621 5.9547424711338621 5.8947424711338625 7.5947424711338583
4.8947424711338661 4.8947424711338661 4.8947424711338661 5.8947424711338625 5.8947424711338625 5.8947424711338625 5.8947424711338625 6.0547424711338627 6.0547424711338627 5.8947424711338625 7.8947424711338563
4.8947424711338661 4.8947424711338661 4.8947424711338661 5.8947424711338625 5.8947424711338625 5.8947424711338625 5.8947424711338625 5.8947424711338625 5.8947424711338625 5.8947424711338625 7.8947424711338563
4.8947424711338661 4.8947424711338661 4.8947424711338661 5.8947424711338625 5.8947424711338625 5.8947424711338625 5.8947424711338625 5.8947424711338625 5.8947424711338625 5.8947424711338625 7.8947424711338563
5.2947424711338655 4.8947424711338661 4.8947424711338661 5.8947424711338625 5.8947424711338625 5.8947424711338625 5.8947424711338625 5.8947424711338625 5.8947424711338625 5.8947424711338625 7.8947424711338563
5.8947424711338625 4.8947424711338661 4.8947424711338661 5.8947424711338625 5.8947424711338625 5.8947424711338625 5.8947424711338625 5.8947424711338625 5.8947424711338625 5.8947424711338625 7.8947424711338563
5.8947424711338625 4.8947424711338661 4.8947424711338661 5.8947424711338625 5.8947424711338625 5.8947424711338625 5.8947424711338625 5.8947424711338625 5.8947424711338625 5.8947424711338625 7.8947424711338563
5.8947424711338625 4.8947424711338661 4.8947424711338661 5.8947424711338625 5.8947424711338625 5.8947424711338625 5.8947424711338625 5.8947424711338625 5.8947424711338625 5.8947424711338625 7.8947424711338563
5.8947424711338625 4.8947424711338661 4.8947424711338661 5.8947424711338625 5.8947424711338625 5.8947424711338625 5.8947424711338625 5.8947424711338625 5.8947424711338625 5.8947424711338625 7.8947424711338563
6.5147424711338600 4.8947424711338661 5.5147424711338644 6.5147424711338600 5.8947424711338625 5.8947424711338625 7.1347424711338592 7.1347424711338592 5.8947424711338625 5.8947424711338625 7.8947424711338563
6.8947424711338590 4.8947424711338661 5.8947424711338625 6.8947424711338590 5.8947424711338625 5.8947424711338625 7.8947424711338563 7.8947424711338563 5.8947424711338625 5.8947424711338625 7.8947424711338563
6.8947424711338590 4.8947424711338661 5.8947424711338625 6.8947424711338590 5.8947424711338625 5.8947424711338625 7.8947424711338563 7.8947424711338563 5.8947424711338625 5.8947424711338625 7.8947424711338563
6.8947424711338590 4.8947424711338661 5.8947424711338625 6.8947424711338590 5.8947424711338625 5.8947424711338625 7.8947424711338563 7.8947424711338563 5.8947424711338625 5.8947424711338625 7.8947424711338563
6.8947424711338590 4.8947424711338661 5.8947424711338625 6.8947424711338590 5.8947424711338625 5.8947424711338625 7.8947424711338563 7.8947424711338563 5.8947424711338625 5.8947424711338625 7.8947424711338563
6.8947424711338590 4.8947424711338661 5.8947424711338625 6.8947424711338590 5.8947424711338625 5.8947424711338625 7.8947424711338563 7.8947424711338563 5.8947424711338625 5.8947424711338625 7.8947424711338563
6.8947424711338590 4.8947424711338661 5.8947424711338625 6.8947424711338590 5.8947424711338625 5.8947424711338625 7.8947424711338563 7.8947424711338563 5.8947424711338625 5.8947424711338625 7.8947424711338563
6.6347424711338592 4.8947424711338661 5.8947424711338625 6.8947424711338590 5.8947424711338625 5.8947424711338625 7.8947424711338563 7.8947424711338563 5.8947424711338625 5.8947424711338625 7.8947424711338563
6.1547424711338623 5.1547424711338659 6.1547424711338623 6.8947424711338590 5.8947424711338625 5.8947424711338625 7.8947424711338563 7.8947424711338563 5.8947424711338625 5.8947424711338625 7.5347424711338569
6.8947424711338590 5.8947424711338625 6.8947424711338590 6.8947424711338590 5.8947424711338625 5.8947424711338625 7.8947424711338563 7.8947424711338563 5.8947424711338625 5.8947424711338625 5.8947424711338625
6.8947424711338590 5.8947424711338625 6.8947424711338590 6.8947424711338590 5.8947424711338625 5.8947424711338625 7.8947424711338563 7.8947424711338563 5.8947424711338625 5.8947424711338625 5.8947424711338625
6.2947424711338611 5.2947424711338655 6.2947424711338611 6.8947424711338590 5.8947424711338625 5.8947424711338625 7.8947424711338563 7.8947424711338563 5.8947424711338625 5.8947424711338625 5.8947424711338625
5.8947424711338625 4.8947424711338661 5.8947424711338625 6.8947424711338590 5.8947424711338625 5.8947424711338625 7.8947424711338563 7.8947424711338563 6.6547424711338614 6.6547424711338614 5.8947424711338625
5.8947424711338625 4.8947424711338661 5.8947424711338625 6.8947424711338590 5.8947424711338625 5.8947424711338625 7.8947424711338563 7.8947424711338563 7.8947424711338563 7.8947424711338563 5.8947424711338625
6.7747424711338597 5.3347424711338656 6.3347424711338611 6.8947424711338590 5.8947424711338625 5.8947424711338625 7.8947424711338563 7.8947424711338563 7.8947424711338563 7.8947424711338563 5.8947424711338625
7.8947424711338563 5.8947424711338625 6.8947424711338590 6.8947424711338590 5.8947424711338625 5.8947424711338625 7.8947424711338563 7.8947424711338563 7.8947424711338563 7.8947424711338563 5.8947424711338625
