# MC_step <E> // BH Parameters: L=4,N=4,U=0.00000000,mu=0.00000000,t=1.0000,eta=0.09000000,beta=2.5000,MC_steps=500000
-6.8013602720544100
-6.8013602720544100
-6.0012002400480089
-6.0012002400480089
-6.0012002400480089
-6.0012002400480089
-5.6011202240448084
-5.6011202240448084
-5.6011202240448084
-4.8009601920384073
-5.2010402080416078
-5.2010402080416078
-8.0016003200640125
-8.0016003200640125
-5.6011202240448084
-5.6011202240448084
-5.2010402080416078
-4.8009601920384073
-4.8009601920384073
-4.8009601920384073
-4.8009601920384073
-4.8009601920384073
-4.8009601920384073
-6.0012002400480089
-6.0012002400480089
-6.0012002400480089
-6.0012002400480089
-6.0012002400480089
-6.0012002400480089
-6.0012002400480089
-6.0012002400480089
-6.4012802560512094
-6.4012802560512094
-6.0012002400480089
-6.0012002400480089
-6.4012802560512094
-6.4012802560512094
-6.0012002400480089
-7.6015203040608110
-7.2014402880576105
-7.2014402880576105
-7.2014402880576105
-7.2014402880576105
-7.2014402880576105
-7.2014402880576105
-7.2014402880576105
-7.2014402880576105
-6.8013602720544100
-6.8013602720544100
-7.2014402880576105
-6.4012802560512094
-6.4012802560512094
-6.4012802560512094
-6.4012802560512094
-6.8013602720544100
-6.8013602720544100
-9.2018403680736132
-9.2018403680736132
-8.4016803360672121
-8.0016003200640125
-8.0016003200640125
-8.0016003200640125
-6.8013602720544100
-6.8013602720544100
-6.8013602720544100
-6.8013602720544100
-6.8013602720544100
-5.6011202240448084
-5.6011202240448084
-6.0012002400480089
-6.0012002400480089
-6.0012002400480089
-7.2014402880576105
-7.2014402880576105
-7.2014402880576105
-8.0016003200640125
-8.0016003200640125
-8.0016003200640125
-8.0016003200640125
-8.0016003200640125
-7.6015203040608110
-7.6015203040608110
-7.6015203040608110
-7.6015203040608110
-7.6015203040608110
-7.6015203040608110
-7.6015203040608110
-7.6015203040608110
-7.6015203040608110
-7.6015203040608110
-8.0016003200640125
-8.0016003200640125
-7.6015203040608110
-7.6015203040608110
-7.6015203040608110
-7.6015203040608110
-7.6015203040608110
-7.6015203040608110
-7.6015203040608110
-7.6015203040608110
-7.6015203040608110
-4.0008001600320062
-6.4012802560512094
-6.4012802560512094
-6.0012002400480089
-6.0012002400480089
-5.6011202240448084
-5.2010402080416078
-5.6011202240448084
-6.4012802560512094
-6.4012802560512094
-6.4012802560512094
-6.4012802560512094
-6.4012802560512094
-6.4012802560512094
-6.4012802560512094
-6.8013602720544100
-6.8013602720544100
-7.2014402880576105
-7.2014402880576105
-7.2014402880576105
-6.0012002400480089
-6.0012002400480089
-5.6011202240448084
-7.6015203040608110
-7.6015203040608110
-6.0012002400480089
-6.4012802560512094
-6.4012802560512094
-6.4012802560512094
-6.4012802560512094
-5.6011202240448084
-5.6011202240448084
-5.2010402080416078
-5.2010402080416078
-5.2010402080416078
-4.8009601920384073
-4.4008801760352068
-4.4008801760352068
-4.4008801760352068
-4.4008801760352068
-4.8009601920384073
-4.8009601920384073
-8.0016003200640125
-5.6011202240448084
-7.6015203040608110
-7.6015203040608110
-7.6015203040608110
-7.6015203040608110
-7.6015203040608110
-8.0016003200640125
-5.2010402080416078
-5.2010402080416078
-6.0012002400480089
-6.0012002400480089
-6.0012002400480089
-6.8013602720544100
-6.8013602720544100
-6.8013602720544100
-6.4012802560512094
-6.4012802560512094
-6.4012802560512094
-6.4012802560512094
-6.4012802560512094
-6.4012802560512094
-6.8013602720544100
-6.8013602720544100
-6.8013602720544100
-6.8013602720544100
-6.8013602720544100
-6.8013602720544100
-6.4012802560512094
-6.4012802560512094
-5.2010402080416078
-5.2010402080416078
-5.2010402080416078
-5.6011202240448084
-5.6011202240448084
-4.8009601920384073
-4.8009601920384073
-4.8009601920384073
-4.8009601920384073
-4.8009601920384073
-4.8009601920384073
-7.2014402880576105
-7.2014402880576105
-7.2014402880576105
-7.2014402880576105
-7.2014402880576105
-7.2014402880576105
-6.8013602720544100
-6.4012802560512094
-5.2010402080416078
-6.0012002400480089
-6.8013602720544100
-5.6011202240448084
-5.6011202240448084
-5.6011202240448084
-5.6011202240448084
-4.8009601920384073
-5.2010402080416078
-5.2010402080416078
-5.2010402080416078
-5.2010402080416078
-5.2010402080416078
-5.2010402080416078
-4.8009601920384073
-4.8009601920384073
-4.8009601920384073
-4.8009601920384073
-4.8009601920384073
-4.4008801760352068
-4.4008801760352068
-4.4008801760352068
-7.6015203040608110
-7.6015203040608110
-8.0016003200640125
-8.0016003200640125
-8.0016003200640125
-8.0016003200640125
-8.0016003200640125
-8.0016003200640125
-8.0016003200640125
-8.0016003200640125
-8.0016003200640125
-8.0016003200640125
-8.0016003200640125
-7.6015203040608110
-7.6015203040608110
-7.2014402880576105
-7.2014402880576105
-7.6015203040608110
-7.6015203040608110
-5.2010402080416078
-5.2010402080416078
-4.8009601920384073
-4.8009601920384073
-4.8009601920384073
-6.8013602720544100
-6.4012802560512094
-6.4012802560512094
-6.4012802560512094
-5.6011202240448084
-5.6011202240448084
-5.6011202240448084
-5.6011202240448084
-5.6011202240448084
-5.2010402080416078
