# MC_step <E> // BH Parameters: L=4,N=4,U=0.00000000,mu=0.00000000,t=1.0000,eta=0.09000000,beta=3.0000,MC_steps=2000000
-5.0010002000400080
-6.6680002667200107
-6.6680002667200107
-6.6680002667200107
-6.3346002533840098
-5.3344002133760080
-6.6680002667200107
-6.6680002667200107
-6.6680002667200107
-6.6680002667200107
-6.6680002667200107
-6.6680002667200107
-4.0008001600320062
-4.6676001867040071
-4.3342001733680071
-4.3342001733680071
-5.0010002000400080
-6.6680002667200107
-6.0012002400480098
-6.6680002667200107
-6.6680002667200107
-7.6682003067280124
-7.3348002933920116
-7.3348002933920116
-7.3348002933920116
-7.3348002933920116
-7.3348002933920116
-7.3348002933920116
-7.3348002933920116
-7.0014002800560107
-7.0014002800560107
-6.3346002533840098
-5.6678002267120089
-5.6678002267120089
-5.6678002267120089
-5.6678002267120089
-6.3346002533840098
-6.3346002533840098
-6.3346002533840098
-6.3346002533840098
-5.3344002133760080
-5.3344002133760080
-5.6678002267120089
-5.6678002267120089
-7.6682003067280124
-5.3344002133760080
-5.3344002133760080
-5.6678002267120089
-5.6678002267120089
-5.6678002267120089
-5.6678002267120089
-5.6678002267120089
-8.0016003200640125
-7.6682003067280124
-7.6682003067280124
-7.6682003067280124
-7.6682003067280124
-7.3348002933920116
-7.3348002933920116
-7.3348002933920116
-7.3348002933920116
-7.3348002933920116
-7.3348002933920116
-7.3348002933920116
-6.6680002667200107
-6.6680002667200107
-6.6680002667200107
-6.6680002667200107
-6.3346002533840098
-6.3346002533840098
-6.3346002533840098
-7.6682003067280124
-7.0014002800560107
-7.0014002800560107
-7.0014002800560107
-8.6684003467360142
-8.6684003467360142
-8.6684003467360142
-8.6684003467360142
-7.0014002800560107
-7.0014002800560107
-7.3348002933920116
-9.0018003600720142
-8.6684003467360142
-8.6684003467360142
-8.6684003467360142
-9.3352003734080142
-9.3352003734080142
-9.3352003734080142
-9.3352003734080142
-9.3352003734080142
-9.3352003734080142
-9.6686003867440160
-9.0018003600720142
-9.0018003600720142
-9.0018003600720142
-9.0018003600720142
-9.0018003600720142
-9.0018003600720142
-9.0018003600720142
-9.0018003600720142
-9.0018003600720142
-9.0018003600720142
-9.0018003600720142
-8.6684003467360142
-8.6684003467360142
-8.6684003467360142
-6.3346002533840098
-6.6680002667200107
-7.6682003067280124
-7.6682003067280124
-7.6682003067280124
-8.0016003200640125
-8.0016003200640125
-8.3350003334000125
-8.3350003334000125
-9.0018003600720142
-6.3346002533840098
-6.3346002533840098
-6.3346002533840098
-6.0012002400480098
-6.0012002400480098
-6.0012002400480098
-6.0012002400480098
-6.0012002400480098
-6.0012002400480098
-6.0012002400480098
-5.6678002267120089
-6.0012002400480098
-6.0012002400480098
-6.0012002400480098
-6.0012002400480098
-6.0012002400480098
-6.0012002400480098
-6.0012002400480098
-5.6678002267120089
-5.3344002133760080
-5.3344002133760080
-5.3344002133760080
-5.3344002133760080
-5.3344002133760080
-5.3344002133760080
-5.3344002133760080
-5.3344002133760080
-5.3344002133760080
-5.3344002133760080
-6.6680002667200107
-6.3346002533840098
-6.3346002533840098
-6.3346002533840098
-6.3346002533840098
-7.0014002800560107
-6.0012002400480098
-6.0012002400480098
-6.6680002667200107
-6.6680002667200107
-6.6680002667200107
-6.6680002667200107
-6.0012002400480098
-6.0012002400480098
-6.0012002400480098
-6.0012002400480098
-6.3346002533840098
-6.6680002667200107
-6.6680002667200107
-6.6680002667200107
-6.6680002667200107
-7.3348002933920116
-6.6680002667200107
-6.6680002667200107
-8.6684003467360142
-8.6684003467360142
-8.0016003200640125
-8.0016003200640125
-8.0016003200640125
-8.0016003200640125
-8.0016003200640125
-8.0016003200640125
-8.0016003200640125
-8.0016003200640125
-7.6682003067280124
-8.6684003467360142
-8.6684003467360142
-8.6684003467360142
-8.3350003334000125
-8.3350003334000125
-8.3350003334000125
-8.3350003334000125
-8.3350003334000125
-8.3350003334000125
-8.3350003334000125
-8.3350003334000125
-8.3350003334000125
-8.3350003334000125
-8.3350003334000125
-8.3350003334000125
-8.3350003334000125
-8.3350003334000125
-8.0016003200640125
-7.6682003067280124
-7.3348002933920116
-7.3348002933920116
-7.3348002933920116
-7.3348002933920116
-7.3348002933920116
-5.0010002000400080
-5.3344002133760080
-7.0014002800560107
-7.0014002800560107
-7.0014002800560107
-7.0014002800560107
-7.0014002800560107
-7.0014002800560107
-6.6680002667200107
-7.0014002800560107
-7.0014002800560107
-6.6680002667200107
-6.6680002667200107
-7.0014002800560107
-7.6682003067280124
-5.3344002133760080
-6.0012002400480098
-6.0012002400480098
-6.0012002400480098
-6.0012002400480098
-6.0012002400480098
-5.6678002267120089
-5.0010002000400080
-5.0010002000400080
-5.3344002133760080
-5.3344002133760080
-5.3344002133760080
-5.3344002133760080
-5.0010002000400080
-5.0010002000400080
-5.0010002000400080
-4.6676001867040071
-6.6680002667200107
-6.6680002667200107
-7.0014002800560107
-6.0012002400480098
-6.0012002400480098
-6.3346002533840098
-4.6676001867040071
-5.6678002267120089
-5.3344002133760080
-5.3344002133760080
-5.3344002133760080
-5.3344002133760080
-5.3344002133760080
-7.3348002933920116
-7.3348002933920116
-7.3348002933920116
-7.3348002933920116
-7.3348002933920116
-7.3348002933920116
-7.3348002933920116
-7.3348002933920116
-7.3348002933920116
-7.3348002933920116
-7.3348002933920116
-7.3348002933920116
-7.3348002933920116
-7.0014002800560107
-7.0014002800560107
-7.0014002800560107
-7.0014002800560107
-7.0014002800560107
-7.0014002800560107
-6.0012002400480098
-5.3344002133760080
-5.3344002133760080
-6.0012002400480098
-6.6680002667200107
-6.6680002667200107
-6.6680002667200107
-6.6680002667200107
-6.0012002400480098
-5.6678002267120089
-5.3344002133760080
-5.0010002000400080
-7.0014002800560107
-7.0014002800560107
-7.0014002800560107
-7.0014002800560107
-3.3340001333600053
-3.6674001466960058
-4.0008001600320062
-5.3344002133760080
-5.3344002133760080
-4.6676001867040071
-5.0010002000400080
-5.0010002000400080
-6.0012002400480098
-6.6680002667200107
-6.0012002400480098
-7.6682003067280124
-7.6682003067280124
-7.0014002800560107
-7.0014002800560107
-7.0014002800560107
-7.0014002800560107
-5.3344002133760080
-5.3344002133760080
-5.3344002133760080
-5.6678002267120089
-5.6678002267120089
-5.6678002267120089
-5.6678002267120089
-5.6678002267120089
-5.6678002267120089
-5.6678002267120089
-5.6678002267120089
-6.6680002667200107
-6.6680002667200107
-6.3346002533840098
-6.3346002533840098
-5.3344002133760080
-5.0010002000400080
-5.0010002000400080
-6.3346002533840098
-6.3346002533840098
-6.3346002533840098
-6.3346002533840098
-6.3346002533840098
-6.3346002533840098
-6.3346002533840098
-9.3352003734080142
-9.3352003734080142
-9.6686003867440160
-9.3352003734080142
-9.3352003734080142
-9.0018003600720142
-9.6686003867440160
-9.6686003867440160
-9.6686003867440160
-9.6686003867440160
-9.6686003867440160
-9.6686003867440160
-9.6686003867440160
-9.6686003867440160
-9.6686003867440160
-9.6686003867440160
-9.6686003867440160
-9.6686003867440160
-9.6686003867440160
-9.6686003867440160
-9.6686003867440160
-6.3346002533840098
-6.3346002533840098
-5.3344002133760080
-5.3344002133760080
-5.3344002133760080
-5.6678002267120089
-5.6678002267120089
-5.6678002267120089
-7.0014002800560107
-6.0012002400480098
-6.0012002400480098
-6.0012002400480098
-6.3346002533840098
-8.0016003200640125
-8.0016003200640125
-7.6682003067280124
-7.6682003067280124
-7.6682003067280124
-7.6682003067280124
-7.6682003067280124
-8.0016003200640125
-8.0016003200640125
-8.0016003200640125
-8.0016003200640125
-8.0016003200640125
-7.6682003067280124
-7.6682003067280124
-7.6682003067280124
-8.0016003200640125
-8.0016003200640125
-6.0012002400480098
-6.0012002400480098
-4.0008001600320062
-4.0008001600320062
-4.3342001733680071
-4.3342001733680071
-4.3342001733680071
-4.3342001733680071
-4.6676001867040071
-4.6676001867040071
-4.3342001733680071
-4.3342001733680071
-4.3342001733680071
-4.3342001733680071
-4.3342001733680071
-4.6676001867040071
-4.6676001867040071
-4.6676001867040071
-4.6676001867040071
-6.3346002533840098
-7.0014002800560107
-7.3348002933920116
-7.0014002800560107
-6.6680002667200107
-6.6680002667200107
-6.6680002667200107
-6.6680002667200107
-6.6680002667200107
-6.6680002667200107
-6.3346002533840098
-6.3346002533840098
-6.3346002533840098
-6.3346002533840098
-6.3346002533840098
-6.3346002533840098
-5.0010002000400080
-9.6686003867440160
-9.6686003867440160
-9.6686003867440160
-9.6686003867440160
-9.6686003867440160
-9.6686003867440160
-9.6686003867440160
-9.6686003867440160
-9.6686003867440160
-9.6686003867440160
-9.6686003867440160
-9.6686003867440160
-9.6686003867440160
-9.6686003867440160
-9.6686003867440160
-9.6686003867440160
-9.6686003867440160
-9.6686003867440160
-9.6686003867440160
-9.6686003867440160
-9.6686003867440160
-9.6686003867440160
-9.6686003867440160
-9.6686003867440160
-9.6686003867440160
-9.6686003867440160
-9.6686003867440160
-8.3350003334000125
-8.3350003334000125
-6.6680002667200107
-7.3348002933920116
-7.3348002933920116
-7.3348002933920116
-7.6682003067280124
-8.0016003200640125
-8.0016003200640125
-8.0016003200640125
-8.0016003200640125
-8.0016003200640125
-8.0016003200640125
-6.6680002667200107
-7.0014002800560107
-7.0014002800560107
-7.0014002800560107
-7.0014002800560107
-7.0014002800560107
-7.0014002800560107
-6.3346002533840098
-6.3346002533840098
-5.6678002267120089
-5.6678002267120089
-5.3344002133760080
-5.3344002133760080
-5.3344002133760080
-5.6678002267120089
-5.6678002267120089
-5.6678002267120089
-5.6678002267120089
-5.6678002267120089
-5.6678002267120089
-5.3344002133760080
-5.6678002267120089
-5.6678002267120089
-6.3346002533840098
-6.3346002533840098
-7.3348002933920116
-7.6682003067280124
-7.6682003067280124
-7.6682003067280124
-8.0016003200640125
-7.6682003067280124
-7.6682003067280124
-7.6682003067280124
-7.6682003067280124
-7.6682003067280124
-5.6678002267120089
-6.3346002533840098
-6.0012002400480098
-5.0010002000400080
-7.6682003067280124
-7.6682003067280124
-6.6680002667200107
-6.6680002667200107
-6.6680002667200107
-6.6680002667200107
-6.6680002667200107
-6.6680002667200107
-6.6680002667200107
-8.0016003200640125
-8.6684003467360142
-8.0016003200640125
-8.0016003200640125
-8.0016003200640125
-8.0016003200640125
-7.6682003067280124
-7.6682003067280124
-7.3348002933920116
-7.3348002933920116
-7.0014002800560107
-7.0014002800560107
-6.6680002667200107
-5.6678002267120089
-5.6678002267120089
-5.3344002133760080
-5.0010002000400080
-5.3344002133760080
-5.3344002133760080
-5.3344002133760080
-5.3344002133760080
-6.0012002400480098
-5.3344002133760080
-5.3344002133760080
-5.3344002133760080
-5.3344002133760080
-5.3344002133760080
-5.3344002133760080
-5.6678002267120089
-5.6678002267120089
-5.3344002133760080
-7.6682003067280124
-7.3348002933920116
-7.0014002800560107
-5.0010002000400080
-4.6676001867040071
-5.0010002000400080
-5.6678002267120089
-5.6678002267120089
-8.6684003467360142
-8.6684003467360142
-8.6684003467360142
-8.6684003467360142
-8.6684003467360142
-8.6684003467360142
-8.3350003334000125
-8.3350003334000125
-8.0016003200640125
-8.0016003200640125
-8.0016003200640125
-8.0016003200640125
-8.0016003200640125
-7.6682003067280124
-5.6678002267120089
-5.3344002133760080
-4.6676001867040071
-4.6676001867040071
-4.6676001867040071
-4.0008001600320062
-6.0012002400480098
-6.0012002400480098
-6.3346002533840098
-6.0012002400480098
-6.0012002400480098
-6.3346002533840098
-6.3346002533840098
-6.3346002533840098
-6.3346002533840098
-6.3346002533840098
-6.6680002667200107
-6.6680002667200107
-7.0014002800560107
-7.0014002800560107
-6.6680002667200107
-6.6680002667200107
-6.6680002667200107
-6.3346002533840098
-6.3346002533840098
-6.3346002533840098
-6.3346002533840098
-6.3346002533840098
-6.3346002533840098
-6.3346002533840098
-7.0014002800560107
-6.6680002667200107
-7.0014002800560107
-7.0014002800560107
-7.3348002933920116
-7.3348002933920116
-7.6682003067280124
-7.6682003067280124
-7.6682003067280124
-7.3348002933920116
-6.6680002667200107
-6.6680002667200107
-6.3346002533840098
-6.3346002533840098
-7.0014002800560107
-7.0014002800560107
-7.0014002800560107
-7.0014002800560107
-7.0014002800560107
-7.0014002800560107
-7.0014002800560107
-7.0014002800560107
-7.0014002800560107
-6.0012002400480098
-6.0012002400480098
-6.0012002400480098
-5.6678002267120089
-5.6678002267120089
-7.3348002933920116
-5.0010002000400080
-5.3344002133760080
-8.0016003200640125
-8.3350003334000125
-6.0012002400480098
-4.3342001733680071
-4.3342001733680071
-5.0010002000400080
-5.0010002000400080
-5.0010002000400080
-5.0010002000400080
-4.3342001733680071
-4.3342001733680071
-4.3342001733680071
-4.0008001600320062
-4.0008001600320062
-7.3348002933920116
-7.3348002933920116
-7.3348002933920116
-7.3348002933920116
-7.3348002933920116
-7.3348002933920116
-7.3348002933920116
-7.3348002933920116
-7.3348002933920116
-7.3348002933920116
-7.3348002933920116
-7.3348002933920116
-7.3348002933920116
-6.3346002533840098
-6.3346002533840098
-6.3346002533840098
-5.0010002000400080
-5.3344002133760080
-5.0010002000400080
-5.0010002000400080
-5.3344002133760080
-6.0012002400480098
-5.3344002133760080
-6.3346002533840098
-6.6680002667200107
-6.6680002667200107
-6.6680002667200107
-7.0014002800560107
-7.0014002800560107
-7.0014002800560107
-7.0014002800560107
-7.3348002933920116
-7.3348002933920116
-7.3348002933920116
-7.0014002800560107
-7.0014002800560107
-7.0014002800560107
-7.0014002800560107
-7.0014002800560107
-7.3348002933920116
-7.0014002800560107
-5.3344002133760080
-6.3346002533840098
-7.0014002800560107
-6.3346002533840098
-6.3346002533840098
-6.3346002533840098
-6.3346002533840098
-6.3346002533840098
-6.3346002533840098
-6.3346002533840098
-6.3346002533840098
-6.3346002533840098
-5.6678002267120089
-6.0012002400480098
-5.0010002000400080
-8.0016003200640125
-8.3350003334000125
-8.0016003200640125
-8.6684003467360142
-6.6680002667200107
-6.6680002667200107
-6.6680002667200107
-6.6680002667200107
-6.6680002667200107
-6.6680002667200107
-6.3346002533840098
-4.6676001867040071
-5.0010002000400080
-6.0012002400480098
-5.6678002267120089
-6.0012002400480098
-6.0012002400480098
-5.6678002267120089
-6.0012002400480098
-5.6678002267120089
-5.3344002133760080
-5.3344002133760080
-5.3344002133760080
-5.3344002133760080
-5.3344002133760080
-5.3344002133760080
-5.3344002133760080
-5.3344002133760080
-5.0010002000400080
-5.0010002000400080
-5.0010002000400080
-5.0010002000400080
-5.0010002000400080
-5.0010002000400080
-6.6680002667200107
-6.6680002667200107
-6.3346002533840098
-6.3346002533840098
-6.3346002533840098
