# MC_step <E> // BH Parameters: L=4,N=4,U=0.00000000,mu=0.00000000,t=1.0000,eta=0.09000000,beta=3.0000,MC_steps=500000
-0.3334000133360005
-4.3342001733680071
-5.6678002267120089
-6.3346002533840098
-6.3346002533840098
-6.0012002400480098
-6.0012002400480098
-6.0012002400480098
-5.6678002267120089
-5.3344002133760080
-5.0010002000400080
-5.0010002000400080
-5.0010002000400080
-5.0010002000400080
-5.3344002133760080
-5.3344002133760080
-5.6678002267120089
-5.6678002267120089
-5.6678002267120089
-5.6678002267120089
-6.0012002400480098
-6.0012002400480098
-6.0012002400480098
-5.6678002267120089
-5.6678002267120089
-5.6678002267120089
-5.0010002000400080
-5.0010002000400080
-5.3344002133760080
-4.3342001733680071
-6.6680002667200107
-6.6680002667200107
-7.0014002800560107
-7.0014002800560107
-7.0014002800560107
-7.0014002800560107
-7.0014002800560107
-7.0014002800560107
-7.0014002800560107
-7.0014002800560107
-7.0014002800560107
-7.0014002800560107
-6.6680002667200107
-8.0016003200640125
-8.0016003200640125
-8.0016003200640125
-8.0016003200640125
-8.0016003200640125
-8.0016003200640125
-8.0016003200640125
-8.0016003200640125
-8.0016003200640125
-8.0016003200640125
-4.3342001733680071
-7.3348002933920116
-7.3348002933920116
-7.3348002933920116
-7.0014002800560107
-7.0014002800560107
-7.0014002800560107
-7.0014002800560107
-7.0014002800560107
-6.3346002533840098
-7.6682003067280124
-7.6682003067280124
-7.6682003067280124
-7.6682003067280124
-7.6682003067280124
-7.6682003067280124
-7.6682003067280124
-6.6680002667200107
-7.6682003067280124
-7.6682003067280124
-7.3348002933920116
-7.3348002933920116
-6.6680002667200107
-6.6680002667200107
-6.6680002667200107
-6.6680002667200107
-6.3346002533840098
-6.3346002533840098
-6.3346002533840098
-6.6680002667200107
-7.3348002933920116
-7.3348002933920116
-7.6682003067280124
-7.6682003067280124
-8.0016003200640125
-8.0016003200640125
-8.0016003200640125
-8.0016003200640125
-7.6682003067280124
-7.6682003067280124
-7.3348002933920116
-7.0014002800560107
-7.0014002800560107
-7.0014002800560107
-7.3348002933920116
-7.0014002800560107
-4.6676001867040071
-5.0010002000400080
-5.3344002133760080
-5.6678002267120089
-6.0012002400480098
-6.0012002400480098
-5.3344002133760080
-5.3344002133760080
-5.0010002000400080
-5.0010002000400080
-4.6676001867040071
-6.3346002533840098
-6.3346002533840098
-6.3346002533840098
-6.6680002667200107
-7.0014002800560107
-7.0014002800560107
-7.0014002800560107
-7.3348002933920116
-6.0012002400480098
-6.0012002400480098
