# L=4,N=4,U=0.0000,mu=0.0000,t=1.0000,eta=0.0356,beta=8.5000,M=500000
# H_0/t              H_1/t                E/t                  N             
0.0                  -0.7058823529411765  -0.7058823529411765  3.0                 
0.0                  -0.7058823529411765  -0.7058823529411765  3.0                 
0.0                  -0.5882352941176471  -0.5882352941176471  4.0                 
0.0                  -1.8823529411764706  -1.8823529411764706  6.0                 
0.0                  -1.8823529411764706  -1.8823529411764706  6.0                 
0.0                  -1.8823529411764706  -1.8823529411764706  6.0                 
0.0                  -1.8823529411764706  -1.8823529411764706  6.0                 
0.0                  -1.8823529411764706  -1.8823529411764706  6.0                 
0.0                  -1.8823529411764706  -1.8823529411764706  6.0                 
0.0                  -1.8823529411764706  -1.8823529411764706  6.0                 
0.0                  -1.8823529411764706  -1.8823529411764706  6.0                 
0.0                  -1.8823529411764706  -1.8823529411764706  6.0                 
0.0                  -1.8823529411764706  -1.8823529411764706  7.0                 
0.0                  -1.8823529411764706  -1.8823529411764706  7.0                 
0.0                  -1.8823529411764706  -1.8823529411764706  7.0                 
0.0                  -1.8823529411764706  -1.8823529411764706  7.0                 
0.0                  -1.8823529411764706  -1.8823529411764706  7.0                 
0.0                  -2.235294117647059   -2.235294117647059   8.0                 
0.0                  -2.235294117647059   -2.235294117647059   8.0                 
0.0                  -2.235294117647059   -2.235294117647059   8.0                 
0.0                  -2.235294117647059   -2.235294117647059   8.0                 
0.0                  -2.235294117647059   -2.235294117647059   9.0                 
0.0                  -3.5294117647058822  -3.5294117647058822  10.0                
0.0                  -3.5294117647058822  -3.5294117647058822  10.0                
0.0                  -3.5294117647058822  -3.5294117647058822  10.0                
0.0                  -3.5294117647058822  -3.5294117647058822  10.0                
0.0                  -4.9411764705882355  -4.9411764705882355  11.0                
0.0                  -4.9411764705882355  -4.9411764705882355  11.0                
0.0                  -4.9411764705882355  -4.9411764705882355  11.0                
0.0                  -4.470588235294118   -4.470588235294118   11.0                
0.0                  -4.470588235294118   -4.470588235294118   11.0                
0.0                  -4.470588235294118   -4.470588235294118   11.0                
0.0                  -3.8823529411764706  -3.8823529411764706  12.0                
0.0                  -3.8823529411764706  -3.8823529411764706  12.0                
0.0                  -4.117647058823529   -4.117647058823529   12.0                
0.0                  -4.117647058823529   -4.117647058823529   12.0                
0.0                  -3.6470588235294117  -3.6470588235294117  12.0                
0.0                  -3.5294117647058822  -3.5294117647058822  13.0                
0.0                  -3.5294117647058822  -3.5294117647058822  13.0                
0.0                  -3.5294117647058822  -3.5294117647058822  13.0                
0.0                  -3.5294117647058822  -3.5294117647058822  13.0                
0.0                  -3.5294117647058822  -3.5294117647058822  13.0                
0.0                  -3.5294117647058822  -3.5294117647058822  13.0                
0.0                  -3.5294117647058822  -3.5294117647058822  13.0                
0.0                  -3.5294117647058822  -3.5294117647058822  13.0                
0.0                  -3.5294117647058822  -3.5294117647058822  13.0                
0.0                  -3.5294117647058822  -3.5294117647058822  13.0                
0.0                  -3.5294117647058822  -3.5294117647058822  13.0                
0.0                  -3.5294117647058822  -3.5294117647058822  13.0                
0.0                  -3.5294117647058822  -3.5294117647058822  13.0                
0.0                  -3.764705882352941   -3.764705882352941   13.0                
0.0                  -3.764705882352941   -3.764705882352941   13.0                
0.0                  -3.764705882352941   -3.764705882352941   13.0                
0.0                  -3.764705882352941   -3.764705882352941   13.0                
0.0                  -3.764705882352941   -3.764705882352941   13.0                
0.0                  -3.764705882352941   -3.764705882352941   13.0                
0.0                  -3.764705882352941   -3.764705882352941   13.0                
0.0                  -3.764705882352941   -3.764705882352941   13.0                
0.0                  -3.764705882352941   -3.764705882352941   13.0                
0.0                  -3.764705882352941   -3.764705882352941   13.0                
0.0                  -3.764705882352941   -3.764705882352941   13.0                
0.0                  -3.764705882352941   -3.764705882352941   13.0                
0.0                  -3.764705882352941   -3.764705882352941   13.0                
0.0                  -3.764705882352941   -3.764705882352941   13.0                
0.0                  -3.764705882352941   -3.764705882352941   13.0                
0.0                  -3.764705882352941   -3.764705882352941   13.0                
0.0                  -3.764705882352941   -3.764705882352941   13.0                
0.0                  -3.764705882352941   -3.764705882352941   13.0                
0.0                  -3.764705882352941   -3.764705882352941   13.0                
0.0                  -3.764705882352941   -3.764705882352941   13.0                
0.0                  -3.764705882352941   -3.764705882352941   13.0                
0.0                  -4.0                 -4.0                 14.0                
0.0                  -4.0                 -4.0                 14.0                
0.0                  -4.0                 -4.0                 14.0                
0.0                  -4.0                 -4.0                 14.0                
0.0                  -3.764705882352941   -3.764705882352941   14.0                
0.0                  -4.235294117647059   -4.235294117647059   15.0                
0.0                  -4.235294117647059   -4.235294117647059   15.0                
0.0                  -4.235294117647059   -4.235294117647059   15.0                
0.0                  -4.235294117647059   -4.235294117647059   15.0                
0.0                  -4.235294117647059   -4.235294117647059   15.0                
0.0                  -4.235294117647059   -4.235294117647059   15.0                
0.0                  -4.235294117647059   -4.235294117647059   15.0                
0.0                  -4.235294117647059   -4.235294117647059   15.0                
0.0                  -4.235294117647059   -4.235294117647059   15.0                
0.0                  -4.235294117647059   -4.235294117647059   15.0                
0.0                  -4.235294117647059   -4.235294117647059   15.0                
0.0                  -4.235294117647059   -4.235294117647059   15.0                
0.0                  -4.235294117647059   -4.235294117647059   15.0                
0.0                  -4.235294117647059   -4.235294117647059   15.0                
0.0                  -4.235294117647059   -4.235294117647059   15.0                
0.0                  -4.235294117647059   -4.235294117647059   15.0                
0.0                  -4.235294117647059   -4.235294117647059   15.0                
0.0                  -4.235294117647059   -4.235294117647059   15.0                
0.0                  -4.235294117647059   -4.235294117647059   15.0                
0.0                  -4.235294117647059   -4.235294117647059   15.0                
0.0                  -4.235294117647059   -4.235294117647059   15.0                
0.0                  -4.235294117647059   -4.235294117647059   15.0                
0.0                  -4.235294117647059   -4.235294117647059   15.0                
0.0                  -4.470588235294118   -4.470588235294118   15.0                
0.0                  -4.470588235294118   -4.470588235294118   15.0                
0.0                  -4.470588235294118   -4.470588235294118   15.0                
0.0                  -4.470588235294118   -4.470588235294118   15.0                
0.0                  -4.470588235294118   -4.470588235294118   15.0                
0.0                  -4.470588235294118   -4.470588235294118   15.0                
0.0                  -4.705882352941177   -4.705882352941177   15.0                
0.0                  -4.705882352941177   -4.705882352941177   15.0                
0.0                  -4.705882352941177   -4.705882352941177   15.0                
0.0                  -4.705882352941177   -4.705882352941177   15.0                
0.0                  -4.705882352941177   -4.705882352941177   15.0                
0.0                  -4.705882352941177   -4.705882352941177   15.0                
0.0                  -4.705882352941177   -4.705882352941177   15.0                
0.0                  -4.9411764705882355  -4.9411764705882355  16.0                
0.0                  -4.9411764705882355  -4.9411764705882355  16.0                
0.0                  -4.9411764705882355  -4.9411764705882355  16.0                
0.0                  -4.9411764705882355  -4.9411764705882355  16.0                
0.0                  -4.9411764705882355  -4.9411764705882355  16.0                
0.0                  -5.176470588235294   -5.176470588235294   16.0                
0.0                  -5.176470588235294   -5.176470588235294   16.0                
0.0                  -5.176470588235294   -5.176470588235294   16.0                
0.0                  -5.176470588235294   -5.176470588235294   16.0                
0.0                  -5.176470588235294   -5.176470588235294   16.0                
0.0                  -5.176470588235294   -5.176470588235294   16.0                
0.0                  -5.176470588235294   -5.176470588235294   16.0                
0.0                  -5.176470588235294   -5.176470588235294   16.0                
0.0                  -5.176470588235294   -5.176470588235294   16.0                
0.0                  -5.176470588235294   -5.176470588235294   16.0                
0.0                  -5.176470588235294   -5.176470588235294   16.0                
0.0                  -5.176470588235294   -5.176470588235294   16.0                
0.0                  -5.176470588235294   -5.176470588235294   16.0                
0.0                  -5.176470588235294   -5.176470588235294   16.0                
0.0                  -5.176470588235294   -5.176470588235294   16.0                
0.0                  -5.176470588235294   -5.176470588235294   16.0                
0.0                  -5.176470588235294   -5.176470588235294   16.0                
0.0                  -5.176470588235294   -5.176470588235294   16.0                
0.0                  -5.176470588235294   -5.176470588235294   17.0                
0.0                  -5.176470588235294   -5.176470588235294   17.0                
0.0                  -5.176470588235294   -5.176470588235294   17.0                
0.0                  -5.176470588235294   -5.176470588235294   17.0                
0.0                  -5.176470588235294   -5.176470588235294   17.0                
0.0                  -5.176470588235294   -5.176470588235294   17.0                
0.0                  -5.176470588235294   -5.176470588235294   17.0                
0.0                  -5.176470588235294   -5.176470588235294   17.0                
0.0                  -5.176470588235294   -5.176470588235294   17.0                
0.0                  -5.882352941176471   -5.882352941176471   17.0                
0.0                  -5.882352941176471   -5.882352941176471   17.0                
0.0                  -5.411764705882353   -5.411764705882353   17.0                
0.0                  -5.411764705882353   -5.411764705882353   17.0                
0.0                  -5.411764705882353   -5.411764705882353   17.0                
0.0                  -5.411764705882353   -5.411764705882353   17.0                
0.0                  -5.411764705882353   -5.411764705882353   17.0                
0.0                  -5.411764705882353   -5.411764705882353   17.0                
0.0                  -5.411764705882353   -5.411764705882353   17.0                
0.0                  -5.0588235294117645  -5.0588235294117645  18.0                
0.0                  -5.0588235294117645  -5.0588235294117645  18.0                
0.0                  -5.0588235294117645  -5.0588235294117645  18.0                
0.0                  -5.0588235294117645  -5.0588235294117645  18.0                
0.0                  -5.0588235294117645  -5.0588235294117645  18.0                
0.0                  -5.294117647058823   -5.294117647058823   19.0                
0.0                  -5.294117647058823   -5.294117647058823   19.0                
0.0                  -5.294117647058823   -5.294117647058823   19.0                
0.0                  -5.294117647058823   -5.294117647058823   19.0                
0.0                  -5.294117647058823   -5.294117647058823   19.0                
0.0                  -5.294117647058823   -5.294117647058823   19.0                
0.0                  -5.294117647058823   -5.294117647058823   19.0                
0.0                  -5.294117647058823   -5.294117647058823   19.0                
0.0                  -5.294117647058823   -5.294117647058823   19.0                
0.0                  -5.294117647058823   -5.294117647058823   19.0                
0.0                  -5.294117647058823   -5.294117647058823   19.0                
0.0                  -5.294117647058823   -5.294117647058823   19.0                
0.0                  -5.294117647058823   -5.294117647058823   19.0                
0.0                  -5.294117647058823   -5.294117647058823   19.0                
0.0                  -5.294117647058823   -5.294117647058823   19.0                
0.0                  -5.294117647058823   -5.294117647058823   20.0                
0.0                  -5.294117647058823   -5.294117647058823   20.0                
0.0                  -5.529411764705882   -5.529411764705882   20.0                
0.0                  -5.529411764705882   -5.529411764705882   20.0                
0.0                  -5.529411764705882   -5.529411764705882   20.0                
0.0                  -5.529411764705882   -5.529411764705882   20.0                
0.0                  -5.529411764705882   -5.529411764705882   20.0                
0.0                  -5.529411764705882   -5.529411764705882   20.0                
0.0                  -6.470588235294118   -6.470588235294118   21.0                
0.0                  -6.470588235294118   -6.470588235294118   21.0                
0.0                  -6.470588235294118   -6.470588235294118   21.0                
0.0                  -6.470588235294118   -6.470588235294118   21.0                
0.0                  -6.470588235294118   -6.470588235294118   21.0                
0.0                  -6.9411764705882355  -6.9411764705882355  22.0                
0.0                  -6.9411764705882355  -6.9411764705882355  22.0                
0.0                  -6.9411764705882355  -6.9411764705882355  22.0                
0.0                  -6.9411764705882355  -6.9411764705882355  22.0                
0.0                  -6.9411764705882355  -6.9411764705882355  22.0                
0.0                  -6.9411764705882355  -6.9411764705882355  23.0                
0.0                  -6.9411764705882355  -6.9411764705882355  23.0                
0.0                  -6.9411764705882355  -6.9411764705882355  23.0                
0.0                  -7.0588235294117645  -7.0588235294117645  23.0                
0.0                  -7.0588235294117645  -7.0588235294117645  23.0                
0.0                  -7.0588235294117645  -7.0588235294117645  23.0                
0.0                  -7.0588235294117645  -7.0588235294117645  23.0                
0.0                  -7.0588235294117645  -7.0588235294117645  23.0                
0.0                  -7.0588235294117645  -7.0588235294117645  23.0                
0.0                  -7.0588235294117645  -7.0588235294117645  23.0                
0.0                  -7.0588235294117645  -7.0588235294117645  23.0                
0.0                  -7.294117647058823   -7.294117647058823   23.0                
0.0                  -7.294117647058823   -7.294117647058823   23.0                
0.0                  -7.294117647058823   -7.294117647058823   23.0                
0.0                  -7.294117647058823   -7.294117647058823   23.0                
0.0                  -7.294117647058823   -7.294117647058823   23.0                
0.0                  -7.294117647058823   -7.294117647058823   23.0                
0.0                  -7.294117647058823   -7.294117647058823   23.0                
0.0                  -7.294117647058823   -7.294117647058823   23.0                
0.0                  -7.529411764705882   -7.529411764705882   23.0                
0.0                  -7.529411764705882   -7.529411764705882   23.0                
0.0                  -7.529411764705882   -7.529411764705882   23.0                
0.0                  -7.529411764705882   -7.529411764705882   23.0                
0.0                  -7.529411764705882   -7.529411764705882   23.0                
0.0                  -7.529411764705882   -7.529411764705882   23.0                
0.0                  -7.529411764705882   -7.529411764705882   23.0                
0.0                  -7.529411764705882   -7.529411764705882   23.0                
0.0                  -7.529411764705882   -7.529411764705882   23.0                
0.0                  -7.529411764705882   -7.529411764705882   23.0                
0.0                  -7.529411764705882   -7.529411764705882   23.0                
0.0                  -7.529411764705882   -7.529411764705882   23.0                
0.0                  -7.529411764705882   -7.529411764705882   23.0                
0.0                  -7.529411764705882   -7.529411764705882   23.0                
0.0                  -7.529411764705882   -7.529411764705882   23.0                
0.0                  -7.176470588235294   -7.176470588235294   24.0                
0.0                  -7.176470588235294   -7.176470588235294   24.0                
0.0                  -7.176470588235294   -7.176470588235294   24.0                
0.0                  -7.176470588235294   -7.176470588235294   24.0                
0.0                  -7.176470588235294   -7.176470588235294   24.0                
0.0                  -7.176470588235294   -7.176470588235294   24.0                
0.0                  -7.176470588235294   -7.176470588235294   24.0                
0.0                  -7.176470588235294   -7.176470588235294   26.0                
0.0                  -7.176470588235294   -7.176470588235294   26.0                
0.0                  -7.176470588235294   -7.176470588235294   26.0                
0.0                  -7.176470588235294   -7.176470588235294   26.0                
0.0                  -7.176470588235294   -7.176470588235294   26.0                
0.0                  -7.176470588235294   -7.176470588235294   26.0                
0.0                  -7.411764705882353   -7.411764705882353   26.0                
0.0                  -7.411764705882353   -7.411764705882353   26.0                
0.0                  -7.411764705882353   -7.411764705882353   26.0                
0.0                  -7.411764705882353   -7.411764705882353   26.0                
0.0                  -7.411764705882353   -7.411764705882353   26.0                
0.0                  -7.882352941176471   -7.882352941176471   26.0                
0.0                  -7.882352941176471   -7.882352941176471   26.0                
0.0                  -7.882352941176471   -7.882352941176471   26.0                
0.0                  -7.882352941176471   -7.882352941176471   26.0                
0.0                  -7.882352941176471   -7.882352941176471   26.0                
0.0                  -7.882352941176471   -7.882352941176471   26.0                
0.0                  -7.882352941176471   -7.882352941176471   26.0                
0.0                  -7.882352941176471   -7.882352941176471   26.0                
0.0                  -7.882352941176471   -7.882352941176471   26.0                
0.0                  -7.647058823529412   -7.647058823529412   26.0                
0.0                  -8.588235294117647   -8.588235294117647   27.0                
0.0                  -8.588235294117647   -8.588235294117647   27.0                
0.0                  -8.588235294117647   -8.588235294117647   27.0                
0.0                  -8.588235294117647   -8.588235294117647   27.0                
0.0                  -8.588235294117647   -8.588235294117647   27.0                
0.0                  -8.823529411764707   -8.823529411764707   27.0                
0.0                  -8.823529411764707   -8.823529411764707   27.0                
0.0                  -8.823529411764707   -8.823529411764707   27.0                
0.0                  -8.823529411764707   -8.823529411764707   27.0                
0.0                  -8.823529411764707   -8.823529411764707   27.0                
0.0                  -8.823529411764707   -8.823529411764707   27.0                
0.0                  -8.588235294117647   -8.588235294117647   27.0                
0.0                  -8.588235294117647   -8.588235294117647   27.0                
0.0                  -8.588235294117647   -8.588235294117647   27.0                
0.0                  -8.588235294117647   -8.588235294117647   27.0                
0.0                  -8.588235294117647   -8.588235294117647   27.0                
0.0                  -8.588235294117647   -8.588235294117647   27.0                
0.0                  -8.588235294117647   -8.588235294117647   27.0                
0.0                  -8.588235294117647   -8.588235294117647   27.0                
0.0                  -8.588235294117647   -8.588235294117647   27.0                
0.0                  -8.588235294117647   -8.588235294117647   27.0                
0.0                  -8.588235294117647   -8.588235294117647   27.0                
0.0                  -8.588235294117647   -8.588235294117647   27.0                
0.0                  -8.588235294117647   -8.588235294117647   27.0                
0.0                  -8.588235294117647   -8.588235294117647   27.0                
0.0                  -8.588235294117647   -8.588235294117647   27.0                
0.0                  -8.588235294117647   -8.588235294117647   27.0                
0.0                  -8.588235294117647   -8.588235294117647   27.0                
0.0                  -8.588235294117647   -8.588235294117647   27.0                
0.0                  -8.588235294117647   -8.588235294117647   27.0                
0.0                  -8.588235294117647   -8.588235294117647   27.0                
0.0                  -8.588235294117647   -8.588235294117647   27.0                
0.0                  -8.588235294117647   -8.588235294117647   27.0                
0.0                  -8.588235294117647   -8.588235294117647   27.0                
0.0                  -8.588235294117647   -8.588235294117647   27.0                
0.0                  -8.588235294117647   -8.588235294117647   27.0                
0.0                  -8.588235294117647   -8.588235294117647   27.0                
0.0                  -8.588235294117647   -8.588235294117647   27.0                
0.0                  -8.588235294117647   -8.588235294117647   27.0                
0.0                  -8.352941176470589   -8.352941176470589   27.0                
0.0                  -8.352941176470589   -8.352941176470589   27.0                
0.0                  -8.352941176470589   -8.352941176470589   27.0                
0.0                  -8.352941176470589   -8.352941176470589   27.0                
0.0                  -8.352941176470589   -8.352941176470589   27.0                
0.0                  -8.352941176470589   -8.352941176470589   27.0                
0.0                  -8.352941176470589   -8.352941176470589   27.0                
0.0                  -8.352941176470589   -8.352941176470589   27.0                
0.0                  -8.352941176470589   -8.352941176470589   27.0                
0.0                  -8.352941176470589   -8.352941176470589   27.0                
0.0                  -8.352941176470589   -8.352941176470589   27.0                
0.0                  -8.352941176470589   -8.352941176470589   27.0                
0.0                  -8.352941176470589   -8.352941176470589   27.0                
0.0                  -8.352941176470589   -8.352941176470589   27.0                
0.0                  -8.352941176470589   -8.352941176470589   27.0                
0.0                  -8.352941176470589   -8.352941176470589   27.0                
0.0                  -8.352941176470589   -8.352941176470589   27.0                
0.0                  -8.352941176470589   -8.352941176470589   27.0                
0.0                  -8.352941176470589   -8.352941176470589   27.0                
0.0                  -8.352941176470589   -8.352941176470589   27.0                
0.0                  -8.352941176470589   -8.352941176470589   27.0                
0.0                  -8.352941176470589   -8.352941176470589   27.0                
0.0                  -8.352941176470589   -8.352941176470589   27.0                
0.0                  -8.352941176470589   -8.352941176470589   27.0                
0.0                  -8.352941176470589   -8.352941176470589   27.0                
0.0                  -8.352941176470589   -8.352941176470589   27.0                
0.0                  -8.352941176470589   -8.352941176470589   27.0                
0.0                  -8.352941176470589   -8.352941176470589   27.0                
0.0                  -8.470588235294118   -8.470588235294118   28.0                
0.0                  -8.470588235294118   -8.470588235294118   28.0                
0.0                  -8.470588235294118   -8.470588235294118   28.0                
0.0                  -8.470588235294118   -8.470588235294118   28.0                
0.0                  -8.117647058823529   -8.117647058823529   28.0                
0.0                  -8.117647058823529   -8.117647058823529   28.0                
0.0                  -8.117647058823529   -8.117647058823529   28.0                
0.0                  -8.117647058823529   -8.117647058823529   28.0                
0.0                  -8.117647058823529   -8.117647058823529   28.0                
0.0                  -8.117647058823529   -8.117647058823529   28.0                
0.0                  -8.117647058823529   -8.117647058823529   28.0                
0.0                  -8.117647058823529   -8.117647058823529   28.0                
0.0                  -8.117647058823529   -8.117647058823529   28.0                
0.0                  -8.117647058823529   -8.117647058823529   28.0                
0.0                  -8.117647058823529   -8.117647058823529   28.0                
0.0                  -8.0                 -8.0                 28.0                
0.0                  -8.0                 -8.0                 28.0                
0.0                  -8.0                 -8.0                 28.0                
0.0                  -8.0                 -8.0                 28.0                
0.0                  -8.0                 -8.0                 28.0                
0.0                  -8.0                 -8.0                 28.0                
0.0                  -8.0                 -8.0                 28.0                
0.0                  -8.0                 -8.0                 28.0                
0.0                  -8.0                 -8.0                 28.0                
0.0                  -8.0                 -8.0                 28.0                
0.0                  -8.0                 -8.0                 28.0                
0.0                  -8.0                 -8.0                 28.0                
0.0                  -8.0                 -8.0                 28.0                
0.0                  -8.0                 -8.0                 28.0                
0.0                  -8.0                 -8.0                 28.0                
0.0                  -8.0                 -8.0                 28.0                
0.0                  -8.0                 -8.0                 28.0                
0.0                  -8.0                 -8.0                 28.0                
0.0                  -8.0                 -8.0                 28.0                
0.0                  -8.0                 -8.0                 28.0                
0.0                  -8.0                 -8.0                 28.0                
0.0                  -8.0                 -8.0                 28.0                
0.0                  -8.0                 -8.0                 28.0                
0.0                  -8.0                 -8.0                 28.0                
0.0                  -8.0                 -8.0                 28.0                
0.0                  -8.0                 -8.0                 28.0                
0.0                  -8.0                 -8.0                 28.0                
0.0                  -8.0                 -8.0                 28.0                
0.0                  -8.0                 -8.0                 28.0                
0.0                  -8.0                 -8.0                 28.0                
0.0                  -8.0                 -8.0                 28.0                
0.0                  -8.0                 -8.0                 28.0                
0.0                  -8.0                 -8.0                 28.0                
0.0                  -8.0                 -8.0                 28.0                
0.0                  -7.764705882352941   -7.764705882352941   28.0                
0.0                  -7.764705882352941   -7.764705882352941   28.0                
0.0                  -7.764705882352941   -7.764705882352941   28.0                
0.0                  -7.764705882352941   -7.764705882352941   28.0                
0.0                  -7.764705882352941   -7.764705882352941   28.0                
0.0                  -7.764705882352941   -7.764705882352941   28.0                
0.0                  -7.764705882352941   -7.764705882352941   28.0                
0.0                  -7.764705882352941   -7.764705882352941   28.0                
0.0                  -7.764705882352941   -7.764705882352941   28.0                
0.0                  -7.0588235294117645  -7.0588235294117645  28.0                
0.0                  -8.0                 -8.0                 28.0                
0.0                  -8.0                 -8.0                 28.0                
0.0                  -8.0                 -8.0                 28.0                
0.0                  -8.0                 -8.0                 28.0                
0.0                  -8.0                 -8.0                 28.0                
0.0                  -8.0                 -8.0                 28.0                
0.0                  -8.0                 -8.0                 28.0                
0.0                  -8.0                 -8.0                 28.0                
0.0                  -8.0                 -8.0                 28.0                
0.0                  -8.0                 -8.0                 28.0                
0.0                  -8.0                 -8.0                 28.0                
0.0                  -8.0                 -8.0                 28.0                
0.0                  -8.0                 -8.0                 28.0                
0.0                  -8.0                 -8.0                 28.0                
0.0                  -8.0                 -8.0                 28.0                
0.0                  -8.0                 -8.0                 28.0                
0.0                  -8.0                 -8.0                 28.0                
0.0                  -7.764705882352941   -7.764705882352941   28.0                
0.0                  -7.764705882352941   -7.764705882352941   28.0                
0.0                  -7.764705882352941   -7.764705882352941   28.0                
0.0                  -7.764705882352941   -7.764705882352941   28.0                
0.0                  -7.764705882352941   -7.764705882352941   28.0                
0.0                  -7.764705882352941   -7.764705882352941   28.0                
0.0                  -7.764705882352941   -7.764705882352941   28.0                
0.0                  -7.764705882352941   -7.764705882352941   28.0                
0.0                  -7.764705882352941   -7.764705882352941   28.0                
0.0                  -7.764705882352941   -7.764705882352941   28.0                
0.0                  -7.764705882352941   -7.764705882352941   28.0                
0.0                  -7.764705882352941   -7.764705882352941   28.0                
0.0                  -7.764705882352941   -7.764705882352941   28.0                
0.0                  -7.764705882352941   -7.764705882352941   28.0                
0.0                  -7.764705882352941   -7.764705882352941   28.0                
0.0                  -7.764705882352941   -7.764705882352941   28.0                
0.0                  -7.764705882352941   -7.764705882352941   28.0                
0.0                  -7.764705882352941   -7.764705882352941   28.0                
0.0                  -7.764705882352941   -7.764705882352941   28.0                
0.0                  -7.764705882352941   -7.764705882352941   28.0                
0.0                  -7.764705882352941   -7.764705882352941   28.0                
0.0                  -7.764705882352941   -7.764705882352941   28.0                
0.0                  -7.764705882352941   -7.764705882352941   28.0                
0.0                  -7.764705882352941   -7.764705882352941   28.0                
0.0                  -7.764705882352941   -7.764705882352941   28.0                
0.0                  -7.764705882352941   -7.764705882352941   28.0                
0.0                  -7.764705882352941   -7.764705882352941   28.0                
0.0                  -7.764705882352941   -7.764705882352941   28.0                
0.0                  -7.764705882352941   -7.764705882352941   28.0                
0.0                  -7.764705882352941   -7.764705882352941   28.0                
0.0                  -7.764705882352941   -7.764705882352941   28.0                
0.0                  -7.764705882352941   -7.764705882352941   28.0                
0.0                  -7.764705882352941   -7.764705882352941   28.0                
0.0                  -7.764705882352941   -7.764705882352941   28.0                
0.0                  -7.764705882352941   -7.764705882352941   28.0                
0.0                  -7.882352941176471   -7.882352941176471   29.0                
0.0                  -7.882352941176471   -7.882352941176471   29.0                
0.0                  -7.882352941176471   -7.882352941176471   29.0                
0.0                  -7.882352941176471   -7.882352941176471   29.0                
0.0                  -7.882352941176471   -7.882352941176471   29.0                
0.0                  -9.764705882352942   -9.764705882352942   30.0                
0.0                  -9.764705882352942   -9.764705882352942   30.0                
0.0                  -9.764705882352942   -9.764705882352942   30.0                
0.0                  -9.764705882352942   -9.764705882352942   30.0                
0.0                  -9.764705882352942   -9.764705882352942   30.0                
0.0                  -9.764705882352942   -9.764705882352942   30.0                
0.0                  -9.764705882352942   -9.764705882352942   30.0                
0.0                  -9.764705882352942   -9.764705882352942   30.0                
0.0                  -9.764705882352942   -9.764705882352942   30.0                
0.0                  -9.764705882352942   -9.764705882352942   30.0                
0.0                  -9.764705882352942   -9.764705882352942   30.0                
0.0                  -9.764705882352942   -9.764705882352942   30.0                
0.0                  -9.764705882352942   -9.764705882352942   30.0                
0.0                  -9.764705882352942   -9.764705882352942   30.0                
0.0                  -9.764705882352942   -9.764705882352942   30.0                
0.0                  -9.764705882352942   -9.764705882352942   30.0                
0.0                  -9.764705882352942   -9.764705882352942   30.0                
0.0                  -9.764705882352942   -9.764705882352942   30.0                
0.0                  -9.764705882352942   -9.764705882352942   30.0                
0.0                  -9.764705882352942   -9.764705882352942   30.0                
0.0                  -9.764705882352942   -9.764705882352942   30.0                
0.0                  -9.764705882352942   -9.764705882352942   30.0                
0.0                  -9.764705882352942   -9.764705882352942   30.0                
0.0                  -9.764705882352942   -9.764705882352942   30.0                
0.0                  -9.764705882352942   -9.764705882352942   30.0                
0.0                  -9.764705882352942   -9.764705882352942   30.0                
0.0                  -9.764705882352942   -9.764705882352942   30.0                
0.0                  -8.941176470588236   -8.941176470588236   31.0                
0.0                  -9.058823529411764   -9.058823529411764   32.0                
0.0                  -9.058823529411764   -9.058823529411764   32.0                
0.0                  -9.058823529411764   -9.058823529411764   32.0                
0.0                  -9.058823529411764   -9.058823529411764   32.0                
0.0                  -9.058823529411764   -9.058823529411764   32.0                
0.0                  -9.058823529411764   -9.058823529411764   32.0                
0.0                  -9.058823529411764   -9.058823529411764   32.0                
0.0                  -9.058823529411764   -9.058823529411764   32.0                
0.0                  -9.058823529411764   -9.058823529411764   32.0                
0.0                  -9.058823529411764   -9.058823529411764   32.0                
0.0                  -9.058823529411764   -9.058823529411764   32.0                
0.0                  -9.058823529411764   -9.058823529411764   32.0                
0.0                  -9.058823529411764   -9.058823529411764   32.0                
0.0                  -9.058823529411764   -9.058823529411764   32.0                
0.0                  -8.823529411764707   -8.823529411764707   32.0                
0.0                  -8.823529411764707   -8.823529411764707   32.0                
0.0                  -8.823529411764707   -8.823529411764707   32.0                
0.0                  -8.823529411764707   -8.823529411764707   32.0                
0.0                  -8.823529411764707   -8.823529411764707   32.0                
0.0                  -8.823529411764707   -8.823529411764707   32.0                
0.0                  -8.823529411764707   -8.823529411764707   32.0                
0.0                  -8.823529411764707   -8.823529411764707   32.0                
0.0                  -8.823529411764707   -8.823529411764707   32.0                
0.0                  -8.823529411764707   -8.823529411764707   32.0                
0.0                  -8.823529411764707   -8.823529411764707   32.0                
0.0                  -8.823529411764707   -8.823529411764707   32.0                
0.0                  -8.823529411764707   -8.823529411764707   32.0                
0.0                  -8.823529411764707   -8.823529411764707   32.0                
0.0                  -8.823529411764707   -8.823529411764707   32.0                
0.0                  -8.823529411764707   -8.823529411764707   32.0                
0.0                  -8.823529411764707   -8.823529411764707   32.0                
0.0                  -8.823529411764707   -8.823529411764707   32.0                
0.0                  -8.823529411764707   -8.823529411764707   32.0                
0.0                  -9.529411764705882   -9.529411764705882   33.0                
0.0                  -9.529411764705882   -9.529411764705882   33.0                
0.0                  -9.529411764705882   -9.529411764705882   33.0                
0.0                  -9.529411764705882   -9.529411764705882   33.0                
0.0                  -9.529411764705882   -9.529411764705882   33.0                
0.0                  -9.529411764705882   -9.529411764705882   33.0                
0.0                  -9.529411764705882   -9.529411764705882   33.0                
0.0                  -9.529411764705882   -9.529411764705882   33.0                
0.0                  -9.529411764705882   -9.529411764705882   33.0                
0.0                  -9.529411764705882   -9.529411764705882   33.0                
0.0                  -9.529411764705882   -9.529411764705882   33.0                
0.0                  -9.529411764705882   -9.529411764705882   33.0                
0.0                  -9.529411764705882   -9.529411764705882   33.0                
0.0                  -9.294117647058824   -9.294117647058824   33.0                
0.0                  -9.294117647058824   -9.294117647058824   33.0                
0.0                  -9.058823529411764   -9.058823529411764   33.0                
0.0                  -9.058823529411764   -9.058823529411764   33.0                
0.0                  -9.058823529411764   -9.058823529411764   33.0                
0.0                  -9.058823529411764   -9.058823529411764   33.0                
0.0                  -9.058823529411764   -9.058823529411764   33.0                
0.0                  -9.058823529411764   -9.058823529411764   33.0                
0.0                  -9.058823529411764   -9.058823529411764   33.0                
0.0                  -9.058823529411764   -9.058823529411764   33.0                
0.0                  -12.941176470588236  -12.941176470588236  34.0                
0.0                  -12.941176470588236  -12.941176470588236  34.0                
0.0                  -12.941176470588236  -12.941176470588236  34.0                
0.0                  -12.941176470588236  -12.941176470588236  34.0                
0.0                  -12.941176470588236  -12.941176470588236  34.0                
0.0                  -12.941176470588236  -12.941176470588236  34.0                
0.0                  -12.941176470588236  -12.941176470588236  34.0                
0.0                  -12.941176470588236  -12.941176470588236  34.0                
0.0                  -12.941176470588236  -12.941176470588236  34.0                
0.0                  -12.705882352941176  -12.705882352941176  34.0                
0.0                  -12.705882352941176  -12.705882352941176  34.0                
0.0                  -12.705882352941176  -12.705882352941176  34.0                
0.0                  -12.705882352941176  -12.705882352941176  34.0                
0.0                  -12.705882352941176  -12.705882352941176  34.0                
0.0                  -12.705882352941176  -12.705882352941176  34.0                
0.0                  -12.705882352941176  -12.705882352941176  34.0                
0.0                  -12.705882352941176  -12.705882352941176  34.0                
0.0                  -12.705882352941176  -12.705882352941176  34.0                
0.0                  -12.705882352941176  -12.705882352941176  34.0                
0.0                  -12.705882352941176  -12.705882352941176  34.0                
0.0                  -12.705882352941176  -12.705882352941176  34.0                
0.0                  -12.705882352941176  -12.705882352941176  34.0                
0.0                  -12.705882352941176  -12.705882352941176  34.0                
0.0                  -12.705882352941176  -12.705882352941176  34.0                
0.0                  -12.705882352941176  -12.705882352941176  34.0                
0.0                  -12.705882352941176  -12.705882352941176  34.0                
0.0                  -12.705882352941176  -12.705882352941176  34.0                
0.0                  -12.705882352941176  -12.705882352941176  34.0                
0.0                  -12.705882352941176  -12.705882352941176  34.0                
0.0                  -12.705882352941176  -12.705882352941176  34.0                
0.0                  -12.705882352941176  -12.705882352941176  34.0                
0.0                  -12.705882352941176  -12.705882352941176  34.0                
0.0                  -11.058823529411764  -11.058823529411764  35.0                
0.0                  -11.058823529411764  -11.058823529411764  35.0                
0.0                  -11.058823529411764  -11.058823529411764  35.0                
0.0                  -11.058823529411764  -11.058823529411764  35.0                
0.0                  -11.058823529411764  -11.058823529411764  35.0                
0.0                  -11.058823529411764  -11.058823529411764  35.0                
0.0                  -11.058823529411764  -11.058823529411764  35.0                
0.0                  -11.294117647058824  -11.294117647058824  36.0                
0.0                  -11.294117647058824  -11.294117647058824  36.0                
0.0                  -11.294117647058824  -11.294117647058824  36.0                
0.0                  -11.294117647058824  -11.294117647058824  36.0                
0.0                  -11.294117647058824  -11.294117647058824  36.0                
0.0                  -11.294117647058824  -11.294117647058824  36.0                
0.0                  -11.294117647058824  -11.294117647058824  36.0                
0.0                  -11.294117647058824  -11.294117647058824  36.0                
0.0                  -11.294117647058824  -11.294117647058824  36.0                
0.0                  -11.294117647058824  -11.294117647058824  36.0                
0.0                  -11.294117647058824  -11.294117647058824  36.0                
0.0                  -11.294117647058824  -11.294117647058824  36.0                
0.0                  -11.294117647058824  -11.294117647058824  36.0                
0.0                  -11.058823529411764  -11.058823529411764  36.0                
0.0                  -11.058823529411764  -11.058823529411764  36.0                
0.0                  -11.058823529411764  -11.058823529411764  36.0                
0.0                  -11.058823529411764  -11.058823529411764  36.0                
0.0                  -11.058823529411764  -11.058823529411764  36.0                
0.0                  -11.058823529411764  -11.058823529411764  36.0                
0.0                  -11.058823529411764  -11.058823529411764  36.0                
0.0                  -11.058823529411764  -11.058823529411764  36.0                
0.0                  -11.058823529411764  -11.058823529411764  36.0                
0.0                  -11.058823529411764  -11.058823529411764  36.0                
0.0                  -11.058823529411764  -11.058823529411764  36.0                
0.0                  -11.058823529411764  -11.058823529411764  36.0                
0.0                  -10.588235294117647  -10.588235294117647  36.0                
0.0                  -10.588235294117647  -10.588235294117647  36.0                
0.0                  -10.588235294117647  -10.588235294117647  36.0                
0.0                  -10.588235294117647  -10.588235294117647  36.0                
0.0                  -10.588235294117647  -10.588235294117647  36.0                
0.0                  -10.588235294117647  -10.588235294117647  36.0                
0.0                  -10.588235294117647  -10.588235294117647  36.0                
0.0                  -10.588235294117647  -10.588235294117647  36.0                
0.0                  -10.588235294117647  -10.588235294117647  36.0                
0.0                  -12.0                -12.0                37.0                
0.0                  -12.0                -12.0                37.0                
0.0                  -12.0                -12.0                37.0                
0.0                  -12.0                -12.0                37.0                
0.0                  -12.0                -12.0                37.0                
0.0                  -12.0                -12.0                37.0                
0.0                  -12.0                -12.0                37.0                
0.0                  -12.0                -12.0                37.0                
0.0                  -12.0                -12.0                37.0                
0.0                  -12.0                -12.0                37.0                
0.0                  -12.0                -12.0                37.0                
0.0                  -12.0                -12.0                37.0                
0.0                  -12.0                -12.0                37.0                
0.0                  -12.0                -12.0                37.0                
0.0                  -12.0                -12.0                37.0                
0.0                  -12.0                -12.0                37.0                
0.0                  -12.0                -12.0                37.0                
0.0                  -12.0                -12.0                37.0                
0.0                  -11.529411764705882  -11.529411764705882  37.0                
0.0                  -11.529411764705882  -11.529411764705882  37.0                
0.0                  -11.529411764705882  -11.529411764705882  37.0                
0.0                  -11.529411764705882  -11.529411764705882  37.0                
0.0                  -11.529411764705882  -11.529411764705882  37.0                
0.0                  -11.529411764705882  -11.529411764705882  37.0                
0.0                  -11.529411764705882  -11.529411764705882  37.0                
0.0                  -11.529411764705882  -11.529411764705882  37.0                
0.0                  -11.529411764705882  -11.529411764705882  37.0                
0.0                  -11.529411764705882  -11.529411764705882  37.0                
0.0                  -11.529411764705882  -11.529411764705882  37.0                
0.0                  -11.764705882352942  -11.764705882352942  37.0                
0.0                  -11.764705882352942  -11.764705882352942  37.0                
0.0                  -11.764705882352942  -11.764705882352942  37.0                
0.0                  -11.764705882352942  -11.764705882352942  37.0                
0.0                  -12.0                -12.0                37.0                
0.0                  -12.0                -12.0                37.0                
0.0                  -12.0                -12.0                37.0                
0.0                  -12.0                -12.0                37.0                
0.0                  -12.0                -12.0                37.0                
0.0                  -12.0                -12.0                37.0                
0.0                  -12.0                -12.0                37.0                
0.0                  -12.0                -12.0                37.0                
0.0                  -12.0                -12.0                37.0                
0.0                  -12.0                -12.0                37.0                
0.0                  -12.0                -12.0                37.0                
0.0                  -12.0                -12.0                37.0                
0.0                  -12.0                -12.0                37.0                
0.0                  -12.0                -12.0                37.0                
0.0                  -11.529411764705882  -11.529411764705882  37.0                
0.0                  -11.529411764705882  -11.529411764705882  37.0                
0.0                  -11.529411764705882  -11.529411764705882  37.0                
0.0                  -11.529411764705882  -11.529411764705882  37.0                
0.0                  -11.529411764705882  -11.529411764705882  37.0                
0.0                  -11.529411764705882  -11.529411764705882  37.0                
0.0                  -11.529411764705882  -11.529411764705882  37.0                
0.0                  -11.529411764705882  -11.529411764705882  37.0                
0.0                  -11.529411764705882  -11.529411764705882  37.0                
0.0                  -11.529411764705882  -11.529411764705882  37.0                
0.0                  -11.529411764705882  -11.529411764705882  37.0                
0.0                  -11.529411764705882  -11.529411764705882  37.0                
0.0                  -11.529411764705882  -11.529411764705882  37.0                
0.0                  -11.529411764705882  -11.529411764705882  37.0                
0.0                  -11.529411764705882  -11.529411764705882  37.0                
0.0                  -11.529411764705882  -11.529411764705882  37.0                
0.0                  -11.529411764705882  -11.529411764705882  37.0                
0.0                  -11.529411764705882  -11.529411764705882  37.0                
0.0                  -11.529411764705882  -11.529411764705882  37.0                
0.0                  -11.529411764705882  -11.529411764705882  37.0                
0.0                  -11.529411764705882  -11.529411764705882  37.0                
0.0                  -11.529411764705882  -11.529411764705882  37.0                
0.0                  -11.529411764705882  -11.529411764705882  37.0                
0.0                  -11.529411764705882  -11.529411764705882  37.0                
0.0                  -11.529411764705882  -11.529411764705882  37.0                
0.0                  -11.529411764705882  -11.529411764705882  37.0                
0.0                  -11.529411764705882  -11.529411764705882  37.0                
0.0                  -11.529411764705882  -11.529411764705882  37.0                
0.0                  -11.529411764705882  -11.529411764705882  37.0                
0.0                  -11.529411764705882  -11.529411764705882  37.0                
0.0                  -11.529411764705882  -11.529411764705882  37.0                
0.0                  -11.529411764705882  -11.529411764705882  37.0                
0.0                  -11.529411764705882  -11.529411764705882  37.0                
0.0                  -11.529411764705882  -11.529411764705882  37.0                
0.0                  -11.529411764705882  -11.529411764705882  37.0                
0.0                  -11.529411764705882  -11.529411764705882  37.0                
0.0                  -11.529411764705882  -11.529411764705882  37.0                
0.0                  -11.529411764705882  -11.529411764705882  37.0                
0.0                  -11.529411764705882  -11.529411764705882  37.0                
0.0                  -11.529411764705882  -11.529411764705882  37.0                
0.0                  -11.764705882352942  -11.764705882352942  37.0                
0.0                  -11.764705882352942  -11.764705882352942  37.0                
0.0                  -11.764705882352942  -11.764705882352942  37.0                
0.0                  -11.764705882352942  -11.764705882352942  37.0                
0.0                  -11.764705882352942  -11.764705882352942  37.0                
0.0                  -11.764705882352942  -11.764705882352942  37.0                
0.0                  -11.764705882352942  -11.764705882352942  37.0                
0.0                  -11.764705882352942  -11.764705882352942  37.0                
0.0                  -11.764705882352942  -11.764705882352942  37.0                
0.0                  -11.764705882352942  -11.764705882352942  37.0                
0.0                  -11.764705882352942  -11.764705882352942  37.0                
0.0                  -11.764705882352942  -11.764705882352942  37.0                
0.0                  -11.764705882352942  -11.764705882352942  37.0                
0.0                  -11.764705882352942  -11.764705882352942  37.0                
0.0                  -11.764705882352942  -11.764705882352942  37.0                
0.0                  -12.0                -12.0                37.0                
0.0                  -12.0                -12.0                37.0                
0.0                  -12.0                -12.0                37.0                
0.0                  -12.0                -12.0                37.0                
0.0                  -12.0                -12.0                37.0                
0.0                  -12.0                -12.0                37.0                
0.0                  -12.0                -12.0                37.0                
0.0                  -12.470588235294118  -12.470588235294118  37.0                
0.0                  -12.470588235294118  -12.470588235294118  37.0                
0.0                  -12.470588235294118  -12.470588235294118  37.0                
0.0                  -12.470588235294118  -12.470588235294118  37.0                
0.0                  -12.470588235294118  -12.470588235294118  37.0                
0.0                  -12.470588235294118  -12.470588235294118  37.0                
0.0                  -12.470588235294118  -12.470588235294118  37.0                
0.0                  -12.470588235294118  -12.470588235294118  37.0                
0.0                  -12.470588235294118  -12.470588235294118  37.0                
0.0                  -12.470588235294118  -12.470588235294118  37.0                
0.0                  -12.470588235294118  -12.470588235294118  37.0                
0.0                  -12.470588235294118  -12.470588235294118  37.0                
0.0                  -12.470588235294118  -12.470588235294118  37.0                
0.0                  -12.470588235294118  -12.470588235294118  37.0                
0.0                  -12.470588235294118  -12.470588235294118  37.0                
0.0                  -12.470588235294118  -12.470588235294118  37.0                
0.0                  -12.470588235294118  -12.470588235294118  37.0                
0.0                  -12.470588235294118  -12.470588235294118  37.0                
0.0                  -12.470588235294118  -12.470588235294118  37.0                
0.0                  -12.470588235294118  -12.470588235294118  37.0                
0.0                  -12.470588235294118  -12.470588235294118  37.0                
0.0                  -12.470588235294118  -12.470588235294118  37.0                
0.0                  -12.470588235294118  -12.470588235294118  37.0                
0.0                  -12.470588235294118  -12.470588235294118  37.0                
0.0                  -12.470588235294118  -12.470588235294118  37.0                
0.0                  -12.470588235294118  -12.470588235294118  37.0                
0.0                  -12.470588235294118  -12.470588235294118  37.0                
0.0                  -12.470588235294118  -12.470588235294118  37.0                
0.0                  -12.470588235294118  -12.470588235294118  37.0                
0.0                  -12.470588235294118  -12.470588235294118  37.0                
0.0                  -12.470588235294118  -12.470588235294118  37.0                
0.0                  -12.470588235294118  -12.470588235294118  37.0                
0.0                  -12.470588235294118  -12.470588235294118  37.0                
0.0                  -12.470588235294118  -12.470588235294118  37.0                
0.0                  -12.470588235294118  -12.470588235294118  37.0                
0.0                  -12.470588235294118  -12.470588235294118  37.0                
0.0                  -12.470588235294118  -12.470588235294118  37.0                
0.0                  -12.470588235294118  -12.470588235294118  37.0                
0.0                  -12.470588235294118  -12.470588235294118  37.0                
0.0                  -12.470588235294118  -12.470588235294118  37.0                
0.0                  -12.470588235294118  -12.470588235294118  37.0                
0.0                  -12.470588235294118  -12.470588235294118  37.0                
0.0                  -12.470588235294118  -12.470588235294118  37.0                
0.0                  -12.470588235294118  -12.470588235294118  37.0                
0.0                  -12.470588235294118  -12.470588235294118  37.0                
0.0                  -12.470588235294118  -12.470588235294118  37.0                
0.0                  -12.470588235294118  -12.470588235294118  37.0                
0.0                  -12.470588235294118  -12.470588235294118  37.0                
0.0                  -12.470588235294118  -12.470588235294118  37.0                
0.0                  -12.470588235294118  -12.470588235294118  37.0                
0.0                  -12.470588235294118  -12.470588235294118  37.0                
0.0                  -12.470588235294118  -12.470588235294118  37.0                
0.0                  -12.470588235294118  -12.470588235294118  37.0                
0.0                  -12.470588235294118  -12.470588235294118  37.0                
0.0                  -12.470588235294118  -12.470588235294118  37.0                
0.0                  -12.470588235294118  -12.470588235294118  37.0                
0.0                  -12.470588235294118  -12.470588235294118  37.0                
0.0                  -12.470588235294118  -12.470588235294118  37.0                
0.0                  -12.470588235294118  -12.470588235294118  37.0                
0.0                  -12.470588235294118  -12.470588235294118  37.0                
0.0                  -12.470588235294118  -12.470588235294118  37.0                
0.0                  -12.470588235294118  -12.470588235294118  37.0                
0.0                  -12.470588235294118  -12.470588235294118  37.0                
0.0                  -12.470588235294118  -12.470588235294118  37.0                
0.0                  -12.470588235294118  -12.470588235294118  37.0                
0.0                  -12.470588235294118  -12.470588235294118  37.0                
0.0                  -12.470588235294118  -12.470588235294118  37.0                
0.0                  -12.470588235294118  -12.470588235294118  37.0                
0.0                  -12.470588235294118  -12.470588235294118  37.0                
0.0                  -12.470588235294118  -12.470588235294118  37.0                
0.0                  -12.470588235294118  -12.470588235294118  37.0                
0.0                  -12.470588235294118  -12.470588235294118  37.0                
0.0                  -12.470588235294118  -12.470588235294118  37.0                
0.0                  -12.470588235294118  -12.470588235294118  37.0                
0.0                  -12.470588235294118  -12.470588235294118  37.0                
0.0                  -12.470588235294118  -12.470588235294118  37.0                
0.0                  -12.235294117647058  -12.235294117647058  37.0                
0.0                  -12.235294117647058  -12.235294117647058  37.0                
0.0                  -12.235294117647058  -12.235294117647058  37.0                
0.0                  -12.235294117647058  -12.235294117647058  37.0                
0.0                  -12.235294117647058  -12.235294117647058  37.0                
0.0                  -12.235294117647058  -12.235294117647058  37.0                
0.0                  -12.235294117647058  -12.235294117647058  37.0                
0.0                  -12.235294117647058  -12.235294117647058  37.0                
0.0                  -12.235294117647058  -12.235294117647058  37.0                
0.0                  -12.235294117647058  -12.235294117647058  37.0                
0.0                  -12.235294117647058  -12.235294117647058  37.0                
0.0                  -12.235294117647058  -12.235294117647058  37.0                
0.0                  -12.235294117647058  -12.235294117647058  37.0                
0.0                  -12.235294117647058  -12.235294117647058  37.0                
0.0                  -12.235294117647058  -12.235294117647058  37.0                
0.0                  -12.235294117647058  -12.235294117647058  37.0                
0.0                  -12.235294117647058  -12.235294117647058  37.0                
0.0                  -12.235294117647058  -12.235294117647058  37.0                
0.0                  -12.235294117647058  -12.235294117647058  37.0                
0.0                  -12.235294117647058  -12.235294117647058  37.0                
0.0                  -12.235294117647058  -12.235294117647058  37.0                
0.0                  -12.235294117647058  -12.235294117647058  37.0                
0.0                  -12.235294117647058  -12.235294117647058  37.0                
0.0                  -12.235294117647058  -12.235294117647058  37.0                
0.0                  -12.235294117647058  -12.235294117647058  37.0                
0.0                  -12.235294117647058  -12.235294117647058  37.0                
0.0                  -12.235294117647058  -12.235294117647058  37.0                
0.0                  -12.235294117647058  -12.235294117647058  37.0                
0.0                  -12.470588235294118  -12.470588235294118  37.0                
0.0                  -12.470588235294118  -12.470588235294118  37.0                
0.0                  -12.470588235294118  -12.470588235294118  37.0                
0.0                  -12.470588235294118  -12.470588235294118  37.0                
0.0                  -12.470588235294118  -12.470588235294118  37.0                
0.0                  -12.470588235294118  -12.470588235294118  37.0                
0.0                  -12.470588235294118  -12.470588235294118  37.0                
0.0                  -12.470588235294118  -12.470588235294118  37.0                
0.0                  -12.470588235294118  -12.470588235294118  37.0                
0.0                  -12.235294117647058  -12.235294117647058  37.0                
0.0                  -12.235294117647058  -12.235294117647058  37.0                
0.0                  -11.411764705882353  -11.411764705882353  38.0                
0.0                  -11.411764705882353  -11.411764705882353  38.0                
0.0                  -11.411764705882353  -11.411764705882353  38.0                
0.0                  -11.411764705882353  -11.411764705882353  38.0                
0.0                  -11.411764705882353  -11.411764705882353  38.0                
0.0                  -11.411764705882353  -11.411764705882353  38.0                
0.0                  -11.411764705882353  -11.411764705882353  38.0                
0.0                  -11.411764705882353  -11.411764705882353  38.0                
0.0                  -11.411764705882353  -11.411764705882353  38.0                
0.0                  -12.352941176470589  -12.352941176470589  39.0                
0.0                  -12.352941176470589  -12.352941176470589  39.0                
0.0                  -12.352941176470589  -12.352941176470589  39.0                
0.0                  -12.352941176470589  -12.352941176470589  39.0                
0.0                  -12.352941176470589  -12.352941176470589  39.0                
0.0                  -12.352941176470589  -12.352941176470589  39.0                
0.0                  -12.352941176470589  -12.352941176470589  39.0                
0.0                  -12.352941176470589  -12.352941176470589  39.0                
0.0                  -12.352941176470589  -12.352941176470589  39.0                
0.0                  -12.352941176470589  -12.352941176470589  39.0                
0.0                  -12.352941176470589  -12.352941176470589  39.0                
0.0                  -12.352941176470589  -12.352941176470589  39.0                
0.0                  -12.352941176470589  -12.352941176470589  39.0                
0.0                  -12.352941176470589  -12.352941176470589  39.0                
0.0                  -12.352941176470589  -12.352941176470589  39.0                
0.0                  -12.352941176470589  -12.352941176470589  39.0                
0.0                  -12.352941176470589  -12.352941176470589  39.0                
0.0                  -12.352941176470589  -12.352941176470589  39.0                
0.0                  -12.352941176470589  -12.352941176470589  39.0                
0.0                  -12.352941176470589  -12.352941176470589  39.0                
0.0                  -12.352941176470589  -12.352941176470589  39.0                
0.0                  -12.352941176470589  -12.352941176470589  39.0                
0.0                  -12.941176470588236  -12.941176470588236  40.0                
0.0                  -12.941176470588236  -12.941176470588236  40.0                
0.0                  -12.941176470588236  -12.941176470588236  40.0                
0.0                  -12.941176470588236  -12.941176470588236  40.0                
0.0                  -12.823529411764707  -12.823529411764707  40.0                
0.0                  -12.823529411764707  -12.823529411764707  40.0                
0.0                  -12.823529411764707  -12.823529411764707  40.0                
0.0                  -12.823529411764707  -12.823529411764707  40.0                
0.0                  -12.823529411764707  -12.823529411764707  40.0                
0.0                  -12.823529411764707  -12.823529411764707  40.0                
0.0                  -12.941176470588236  -12.941176470588236  40.0                
0.0                  -12.941176470588236  -12.941176470588236  40.0                
0.0                  -12.235294117647058  -12.235294117647058  40.0                
0.0                  -12.235294117647058  -12.235294117647058  40.0                
0.0                  -12.235294117647058  -12.235294117647058  40.0                
0.0                  -12.235294117647058  -12.235294117647058  40.0                
0.0                  -12.235294117647058  -12.235294117647058  40.0                
0.0                  -12.235294117647058  -12.235294117647058  40.0                
0.0                  -12.235294117647058  -12.235294117647058  40.0                
0.0                  -12.235294117647058  -12.235294117647058  40.0                
0.0                  -12.235294117647058  -12.235294117647058  40.0                
0.0                  -12.235294117647058  -12.235294117647058  40.0                
0.0                  -12.235294117647058  -12.235294117647058  40.0                
0.0                  -12.235294117647058  -12.235294117647058  40.0                
0.0                  -12.235294117647058  -12.235294117647058  40.0                
0.0                  -12.235294117647058  -12.235294117647058  40.0                
0.0                  -12.235294117647058  -12.235294117647058  40.0                
0.0                  -12.235294117647058  -12.235294117647058  40.0                
0.0                  -12.235294117647058  -12.235294117647058  40.0                
