# L=4,N=4,U=0.0000,mu=0.0000,t=1.0000,eta=0.0338,beta=9.5000,M=500000
# H_0/t              H_1/t                E/t                  N             
0.0                  -1.0526315789473684  -1.0526315789473684  4.0                 
0.0                  -1.0526315789473684  -1.0526315789473684  4.0                 
0.0                  -1.263157894736842   -1.263157894736842   4.0                 
0.0                  -1.894736842105263   -1.894736842105263   5.0                 
0.0                  -2.0                 -2.0                 6.0                 
0.0                  -2.0                 -2.0                 6.0                 
0.0                  -2.0                 -2.0                 6.0                 
0.0                  -2.0                 -2.0                 7.0                 
0.0                  -2.0                 -2.0                 7.0                 
0.0                  -2.0                 -2.0                 7.0                 
0.0                  -2.0                 -2.0                 7.0                 
0.0                  -2.0                 -2.0                 7.0                 
0.0                  -1.894736842105263   -1.894736842105263   7.0                 
0.0                  -1.894736842105263   -1.894736842105263   7.0                 
0.0                  -1.894736842105263   -1.894736842105263   7.0                 
0.0                  -1.894736842105263   -1.894736842105263   7.0                 
0.0                  -1.894736842105263   -1.894736842105263   7.0                 
0.0                  -1.894736842105263   -1.894736842105263   7.0                 
0.0                  -1.894736842105263   -1.894736842105263   7.0                 
0.0                  -1.894736842105263   -1.894736842105263   7.0                 
0.0                  -1.894736842105263   -1.894736842105263   7.0                 
0.0                  -2.3157894736842106  -2.3157894736842106  7.0                 
0.0                  -2.3157894736842106  -2.3157894736842106  7.0                 
0.0                  -2.3157894736842106  -2.3157894736842106  7.0                 
0.0                  -1.894736842105263   -1.894736842105263   8.0                 
0.0                  -1.894736842105263   -1.894736842105263   8.0                 
0.0                  -1.894736842105263   -1.894736842105263   8.0                 
0.0                  -2.1052631578947367  -2.1052631578947367  8.0                 
0.0                  -2.1052631578947367  -2.1052631578947367  8.0                 
0.0                  -2.4210526315789473  -2.4210526315789473  9.0                 
0.0                  -2.4210526315789473  -2.4210526315789473  9.0                 
0.0                  -2.4210526315789473  -2.4210526315789473  9.0                 
0.0                  -2.4210526315789473  -2.4210526315789473  9.0                 
0.0                  -2.8421052631578947  -2.8421052631578947  10.0                
0.0                  -2.8421052631578947  -2.8421052631578947  10.0                
0.0                  -2.8421052631578947  -2.8421052631578947  10.0                
0.0                  -2.8421052631578947  -2.8421052631578947  10.0                
0.0                  -2.8421052631578947  -2.8421052631578947  10.0                
0.0                  -2.8421052631578947  -2.8421052631578947  10.0                
0.0                  -2.8421052631578947  -2.8421052631578947  10.0                
0.0                  -2.8421052631578947  -2.8421052631578947  10.0                
0.0                  -2.8421052631578947  -2.8421052631578947  10.0                
0.0                  -2.8421052631578947  -2.8421052631578947  10.0                
0.0                  -2.8421052631578947  -2.8421052631578947  10.0                
0.0                  -2.8421052631578947  -2.8421052631578947  10.0                
0.0                  -2.8421052631578947  -2.8421052631578947  10.0                
0.0                  -2.8421052631578947  -2.8421052631578947  10.0                
0.0                  -2.8421052631578947  -2.8421052631578947  10.0                
0.0                  -2.8421052631578947  -2.8421052631578947  10.0                
0.0                  -2.8421052631578947  -2.8421052631578947  10.0                
0.0                  -2.8421052631578947  -2.8421052631578947  10.0                
0.0                  -2.8421052631578947  -2.8421052631578947  10.0                
0.0                  -3.1578947368421053  -3.1578947368421053  11.0                
0.0                  -3.1578947368421053  -3.1578947368421053  11.0                
0.0                  -3.1578947368421053  -3.1578947368421053  11.0                
0.0                  -3.1578947368421053  -3.1578947368421053  11.0                
0.0                  -3.1578947368421053  -3.1578947368421053  11.0                
0.0                  -3.1578947368421053  -3.1578947368421053  11.0                
0.0                  -3.1578947368421053  -3.1578947368421053  11.0                
0.0                  -3.1578947368421053  -3.1578947368421053  11.0                
0.0                  -3.1578947368421053  -3.1578947368421053  11.0                
0.0                  -3.1578947368421053  -3.1578947368421053  11.0                
0.0                  -3.1578947368421053  -3.1578947368421053  11.0                
0.0                  -3.1578947368421053  -3.1578947368421053  11.0                
0.0                  -3.1578947368421053  -3.1578947368421053  11.0                
0.0                  -3.1578947368421053  -3.1578947368421053  11.0                
0.0                  -3.1578947368421053  -3.1578947368421053  11.0                
0.0                  -3.1578947368421053  -3.1578947368421053  11.0                
0.0                  -2.9473684210526314  -2.9473684210526314  11.0                
0.0                  -2.8421052631578947  -2.8421052631578947  11.0                
0.0                  -2.6315789473684212  -2.6315789473684212  11.0                
0.0                  -2.6315789473684212  -2.6315789473684212  11.0                
0.0                  -4.105263157894737   -4.105263157894737   12.0                
0.0                  -3.789473684210526   -3.789473684210526   12.0                
0.0                  -3.8947368421052633  -3.8947368421052633  12.0                
0.0                  -3.8947368421052633  -3.8947368421052633  12.0                
0.0                  -3.3684210526315788  -3.3684210526315788  13.0                
0.0                  -3.3684210526315788  -3.3684210526315788  13.0                
0.0                  -3.3684210526315788  -3.3684210526315788  13.0                
0.0                  -3.3684210526315788  -3.3684210526315788  13.0                
0.0                  -3.3684210526315788  -3.3684210526315788  13.0                
0.0                  -3.3684210526315788  -3.3684210526315788  13.0                
0.0                  -3.5789473684210527  -3.5789473684210527  13.0                
0.0                  -3.5789473684210527  -3.5789473684210527  13.0                
0.0                  -3.5789473684210527  -3.5789473684210527  13.0                
0.0                  -4.0                 -4.0                 14.0                
0.0                  -4.0                 -4.0                 14.0                
0.0                  -4.0                 -4.0                 14.0                
0.0                  -4.0                 -4.0                 14.0                
0.0                  -4.0                 -4.0                 14.0                
0.0                  -4.0                 -4.0                 14.0                
0.0                  -4.0                 -4.0                 14.0                
0.0                  -4.0                 -4.0                 14.0                
0.0                  -4.0                 -4.0                 14.0                
0.0                  -4.0                 -4.0                 14.0                
0.0                  -4.0                 -4.0                 14.0                
0.0                  -4.0                 -4.0                 14.0                
0.0                  -5.2631578947368425  -5.2631578947368425  15.0                
0.0                  -4.315789473684211   -4.315789473684211   16.0                
0.0                  -4.315789473684211   -4.315789473684211   16.0                
0.0                  -4.315789473684211   -4.315789473684211   16.0                
0.0                  -4.315789473684211   -4.315789473684211   16.0                
0.0                  -4.315789473684211   -4.315789473684211   16.0                
0.0                  -5.2631578947368425  -5.2631578947368425  17.0                
0.0                  -5.2631578947368425  -5.2631578947368425  17.0                
0.0                  -5.2631578947368425  -5.2631578947368425  17.0                
0.0                  -5.052631578947368   -5.052631578947368   18.0                
0.0                  -6.105263157894737   -6.105263157894737   19.0                
0.0                  -6.842105263157895   -6.842105263157895   20.0                
0.0                  -6.842105263157895   -6.842105263157895   20.0                
0.0                  -6.842105263157895   -6.842105263157895   20.0                
0.0                  -6.842105263157895   -6.842105263157895   20.0                
0.0                  -6.842105263157895   -6.842105263157895   20.0                
0.0                  -6.842105263157895   -6.842105263157895   20.0                
0.0                  -6.842105263157895   -6.842105263157895   20.0                
0.0                  -6.842105263157895   -6.842105263157895   20.0                
0.0                  -6.842105263157895   -6.842105263157895   20.0                
0.0                  -6.842105263157895   -6.842105263157895   20.0                
0.0                  -6.842105263157895   -6.842105263157895   20.0                
0.0                  -6.842105263157895   -6.842105263157895   20.0                
0.0                  -6.842105263157895   -6.842105263157895   20.0                
0.0                  -6.842105263157895   -6.842105263157895   20.0                
0.0                  -6.842105263157895   -6.842105263157895   20.0                
0.0                  -6.842105263157895   -6.842105263157895   20.0                
0.0                  -5.578947368421052   -5.578947368421052   21.0                
0.0                  -5.578947368421052   -5.578947368421052   21.0                
0.0                  -5.578947368421052   -5.578947368421052   21.0                
0.0                  -5.578947368421052   -5.578947368421052   21.0                
0.0                  -5.578947368421052   -5.578947368421052   21.0                
0.0                  -5.578947368421052   -5.578947368421052   21.0                
0.0                  -5.578947368421052   -5.578947368421052   21.0                
0.0                  -5.578947368421052   -5.578947368421052   21.0                
0.0                  -5.578947368421052   -5.578947368421052   21.0                
0.0                  -5.578947368421052   -5.578947368421052   21.0                
0.0                  -5.578947368421052   -5.578947368421052   21.0                
0.0                  -5.578947368421052   -5.578947368421052   21.0                
0.0                  -5.578947368421052   -5.578947368421052   21.0                
0.0                  -5.578947368421052   -5.578947368421052   21.0                
0.0                  -5.578947368421052   -5.578947368421052   21.0                
0.0                  -5.578947368421052   -5.578947368421052   21.0                
0.0                  -5.578947368421052   -5.578947368421052   21.0                
0.0                  -5.578947368421052   -5.578947368421052   21.0                
0.0                  -5.578947368421052   -5.578947368421052   21.0                
0.0                  -5.578947368421052   -5.578947368421052   21.0                
0.0                  -5.578947368421052   -5.578947368421052   21.0                
0.0                  -5.578947368421052   -5.578947368421052   21.0                
0.0                  -5.578947368421052   -5.578947368421052   21.0                
0.0                  -5.578947368421052   -5.578947368421052   21.0                
0.0                  -6.2105263157894735  -6.2105263157894735  22.0                
0.0                  -6.2105263157894735  -6.2105263157894735  22.0                
0.0                  -6.2105263157894735  -6.2105263157894735  22.0                
0.0                  -6.2105263157894735  -6.2105263157894735  22.0                
0.0                  -6.2105263157894735  -6.2105263157894735  22.0                
0.0                  -6.2105263157894735  -6.2105263157894735  22.0                
0.0                  -6.2105263157894735  -6.2105263157894735  22.0                
0.0                  -6.2105263157894735  -6.2105263157894735  22.0                
0.0                  -6.2105263157894735  -6.2105263157894735  22.0                
0.0                  -6.2105263157894735  -6.2105263157894735  22.0                
0.0                  -6.105263157894737   -6.105263157894737   23.0                
0.0                  -6.105263157894737   -6.105263157894737   23.0                
0.0                  -6.105263157894737   -6.105263157894737   23.0                
0.0                  -6.105263157894737   -6.105263157894737   23.0                
0.0                  -6.105263157894737   -6.105263157894737   23.0                
0.0                  -6.105263157894737   -6.105263157894737   23.0                
0.0                  -6.105263157894737   -6.105263157894737   23.0                
0.0                  -6.105263157894737   -6.105263157894737   23.0                
0.0                  -6.105263157894737   -6.105263157894737   23.0                
0.0                  -6.105263157894737   -6.105263157894737   23.0                
0.0                  -6.105263157894737   -6.105263157894737   23.0                
0.0                  -6.105263157894737   -6.105263157894737   23.0                
0.0                  -6.105263157894737   -6.105263157894737   23.0                
0.0                  -6.105263157894737   -6.105263157894737   23.0                
0.0                  -6.105263157894737   -6.105263157894737   23.0                
0.0                  -6.105263157894737   -6.105263157894737   23.0                
0.0                  -6.105263157894737   -6.105263157894737   23.0                
0.0                  -6.105263157894737   -6.105263157894737   23.0                
0.0                  -6.105263157894737   -6.105263157894737   23.0                
0.0                  -6.105263157894737   -6.105263157894737   23.0                
0.0                  -6.105263157894737   -6.105263157894737   23.0                
0.0                  -6.631578947368421   -6.631578947368421   24.0                
0.0                  -6.631578947368421   -6.631578947368421   24.0                
0.0                  -6.631578947368421   -6.631578947368421   24.0                
0.0                  -6.631578947368421   -6.631578947368421   24.0                
0.0                  -6.631578947368421   -6.631578947368421   24.0                
0.0                  -6.631578947368421   -6.631578947368421   24.0                
0.0                  -6.631578947368421   -6.631578947368421   24.0                
0.0                  -6.631578947368421   -6.631578947368421   24.0                
0.0                  -6.631578947368421   -6.631578947368421   24.0                
0.0                  -6.631578947368421   -6.631578947368421   24.0                
0.0                  -7.052631578947368   -7.052631578947368   24.0                
0.0                  -7.052631578947368   -7.052631578947368   24.0                
0.0                  -7.052631578947368   -7.052631578947368   24.0                
0.0                  -6.842105263157895   -6.842105263157895   24.0                
0.0                  -6.842105263157895   -6.842105263157895   24.0                
0.0                  -6.842105263157895   -6.842105263157895   24.0                
0.0                  -6.842105263157895   -6.842105263157895   24.0                
0.0                  -6.842105263157895   -6.842105263157895   24.0                
0.0                  -6.842105263157895   -6.842105263157895   24.0                
0.0                  -6.842105263157895   -6.842105263157895   24.0                
0.0                  -6.842105263157895   -6.842105263157895   24.0                
0.0                  -6.842105263157895   -6.842105263157895   24.0                
0.0                  -6.842105263157895   -6.842105263157895   24.0                
0.0                  -6.842105263157895   -6.842105263157895   24.0                
0.0                  -6.842105263157895   -6.842105263157895   24.0                
0.0                  -6.842105263157895   -6.842105263157895   24.0                
0.0                  -6.842105263157895   -6.842105263157895   24.0                
0.0                  -6.842105263157895   -6.842105263157895   24.0                
0.0                  -6.842105263157895   -6.842105263157895   24.0                
0.0                  -6.842105263157895   -6.842105263157895   24.0                
0.0                  -6.842105263157895   -6.842105263157895   24.0                
0.0                  -6.842105263157895   -6.842105263157895   24.0                
0.0                  -6.842105263157895   -6.842105263157895   24.0                
0.0                  -6.842105263157895   -6.842105263157895   24.0                
0.0                  -6.842105263157895   -6.842105263157895   24.0                
0.0                  -6.842105263157895   -6.842105263157895   24.0                
0.0                  -6.842105263157895   -6.842105263157895   24.0                
0.0                  -6.842105263157895   -6.842105263157895   24.0                
0.0                  -6.842105263157895   -6.842105263157895   24.0                
0.0                  -6.842105263157895   -6.842105263157895   24.0                
0.0                  -6.842105263157895   -6.842105263157895   24.0                
0.0                  -6.842105263157895   -6.842105263157895   24.0                
0.0                  -6.842105263157895   -6.842105263157895   24.0                
0.0                  -6.842105263157895   -6.842105263157895   24.0                
0.0                  -7.368421052631579   -7.368421052631579   25.0                
0.0                  -7.368421052631579   -7.368421052631579   25.0                
0.0                  -7.368421052631579   -7.368421052631579   25.0                
0.0                  -7.368421052631579   -7.368421052631579   25.0                
0.0                  -7.368421052631579   -7.368421052631579   25.0                
0.0                  -7.368421052631579   -7.368421052631579   25.0                
0.0                  -7.368421052631579   -7.368421052631579   25.0                
0.0                  -7.578947368421052   -7.578947368421052   25.0                
0.0                  -7.578947368421052   -7.578947368421052   25.0                
0.0                  -7.578947368421052   -7.578947368421052   25.0                
0.0                  -7.578947368421052   -7.578947368421052   25.0                
0.0                  -7.578947368421052   -7.578947368421052   25.0                
0.0                  -7.578947368421052   -7.578947368421052   25.0                
0.0                  -7.578947368421052   -7.578947368421052   25.0                
0.0                  -7.578947368421052   -7.578947368421052   25.0                
0.0                  -7.578947368421052   -7.578947368421052   25.0                
0.0                  -7.578947368421052   -7.578947368421052   25.0                
0.0                  -7.578947368421052   -7.578947368421052   25.0                
0.0                  -7.578947368421052   -7.578947368421052   25.0                
0.0                  -7.578947368421052   -7.578947368421052   25.0                
0.0                  -8.0                 -8.0                 25.0                
0.0                  -8.0                 -8.0                 25.0                
0.0                  -8.0                 -8.0                 25.0                
0.0                  -8.0                 -8.0                 25.0                
0.0                  -8.0                 -8.0                 25.0                
0.0                  -8.210526315789474   -8.210526315789474   26.0                
0.0                  -8.210526315789474   -8.210526315789474   26.0                
0.0                  -8.210526315789474   -8.210526315789474   26.0                
0.0                  -8.210526315789474   -8.210526315789474   26.0                
0.0                  -8.210526315789474   -8.210526315789474   26.0                
0.0                  -8.210526315789474   -8.210526315789474   26.0                
0.0                  -8.210526315789474   -8.210526315789474   26.0                
0.0                  -8.210526315789474   -8.210526315789474   26.0                
0.0                  -8.210526315789474   -8.210526315789474   26.0                
0.0                  -8.210526315789474   -8.210526315789474   26.0                
0.0                  -8.210526315789474   -8.210526315789474   26.0                
0.0                  -8.210526315789474   -8.210526315789474   26.0                
0.0                  -8.421052631578947   -8.421052631578947   26.0                
0.0                  -8.421052631578947   -8.421052631578947   26.0                
0.0                  -8.421052631578947   -8.421052631578947   26.0                
0.0                  -8.0                 -8.0                 26.0                
0.0                  -8.0                 -8.0                 26.0                
0.0                  -8.0                 -8.0                 26.0                
0.0                  -8.0                 -8.0                 26.0                
0.0                  -8.0                 -8.0                 26.0                
0.0                  -8.0                 -8.0                 26.0                
0.0                  -8.0                 -8.0                 26.0                
0.0                  -8.0                 -8.0                 26.0                
0.0                  -8.0                 -8.0                 26.0                
0.0                  -8.0                 -8.0                 26.0                
0.0                  -8.0                 -8.0                 26.0                
0.0                  -8.0                 -8.0                 26.0                
0.0                  -8.0                 -8.0                 26.0                
0.0                  -8.0                 -8.0                 26.0                
0.0                  -8.0                 -8.0                 26.0                
0.0                  -8.0                 -8.0                 26.0                
0.0                  -8.210526315789474   -8.210526315789474   27.0                
0.0                  -8.210526315789474   -8.210526315789474   27.0                
0.0                  -8.210526315789474   -8.210526315789474   27.0                
0.0                  -8.210526315789474   -8.210526315789474   27.0                
0.0                  -8.210526315789474   -8.210526315789474   27.0                
0.0                  -8.210526315789474   -8.210526315789474   27.0                
0.0                  -8.210526315789474   -8.210526315789474   27.0                
0.0                  -8.210526315789474   -8.210526315789474   27.0                
0.0                  -8.210526315789474   -8.210526315789474   27.0                
0.0                  -8.210526315789474   -8.210526315789474   27.0                
0.0                  -8.210526315789474   -8.210526315789474   27.0                
0.0                  -8.210526315789474   -8.210526315789474   27.0                
0.0                  -8.210526315789474   -8.210526315789474   27.0                
0.0                  -8.210526315789474   -8.210526315789474   27.0                
0.0                  -8.210526315789474   -8.210526315789474   27.0                
0.0                  -8.210526315789474   -8.210526315789474   27.0                
0.0                  -8.210526315789474   -8.210526315789474   27.0                
0.0                  -8.210526315789474   -8.210526315789474   27.0                
0.0                  -8.210526315789474   -8.210526315789474   27.0                
0.0                  -8.210526315789474   -8.210526315789474   27.0                
0.0                  -8.210526315789474   -8.210526315789474   27.0                
0.0                  -8.210526315789474   -8.210526315789474   27.0                
0.0                  -8.210526315789474   -8.210526315789474   27.0                
0.0                  -8.210526315789474   -8.210526315789474   27.0                
0.0                  -8.210526315789474   -8.210526315789474   27.0                
0.0                  -8.210526315789474   -8.210526315789474   27.0                
0.0                  -8.210526315789474   -8.210526315789474   27.0                
0.0                  -8.210526315789474   -8.210526315789474   27.0                
0.0                  -8.210526315789474   -8.210526315789474   27.0                
0.0                  -8.210526315789474   -8.210526315789474   27.0                
0.0                  -8.421052631578947   -8.421052631578947   27.0                
0.0                  -8.421052631578947   -8.421052631578947   27.0                
0.0                  -10.421052631578947  -10.421052631578947  28.0                
0.0                  -10.421052631578947  -10.421052631578947  28.0                
0.0                  -10.421052631578947  -10.421052631578947  28.0                
0.0                  -10.631578947368421  -10.631578947368421  28.0                
0.0                  -10.631578947368421  -10.631578947368421  28.0                
0.0                  -10.631578947368421  -10.631578947368421  28.0                
0.0                  -10.631578947368421  -10.631578947368421  28.0                
0.0                  -10.631578947368421  -10.631578947368421  28.0                
0.0                  -10.631578947368421  -10.631578947368421  28.0                
0.0                  -10.631578947368421  -10.631578947368421  28.0                
0.0                  -8.0                 -8.0                 29.0                
0.0                  -8.0                 -8.0                 29.0                
0.0                  -8.0                 -8.0                 29.0                
0.0                  -8.0                 -8.0                 29.0                
0.0                  -7.578947368421052   -7.578947368421052   29.0                
0.0                  -7.578947368421052   -7.578947368421052   29.0                
0.0                  -7.578947368421052   -7.578947368421052   29.0                
0.0                  -7.578947368421052   -7.578947368421052   29.0                
0.0                  -10.421052631578947  -10.421052631578947  30.0                
0.0                  -10.421052631578947  -10.421052631578947  30.0                
0.0                  -10.421052631578947  -10.421052631578947  30.0                
0.0                  -10.421052631578947  -10.421052631578947  30.0                
0.0                  -10.421052631578947  -10.421052631578947  30.0                
0.0                  -10.421052631578947  -10.421052631578947  30.0                
0.0                  -10.421052631578947  -10.421052631578947  30.0                
0.0                  -10.421052631578947  -10.421052631578947  30.0                
0.0                  -10.421052631578947  -10.421052631578947  30.0                
0.0                  -10.421052631578947  -10.421052631578947  30.0                
0.0                  -10.421052631578947  -10.421052631578947  30.0                
0.0                  -10.421052631578947  -10.421052631578947  30.0                
0.0                  -10.421052631578947  -10.421052631578947  30.0                
0.0                  -10.421052631578947  -10.421052631578947  30.0                
0.0                  -10.421052631578947  -10.421052631578947  30.0                
0.0                  -10.421052631578947  -10.421052631578947  30.0                
0.0                  -10.421052631578947  -10.421052631578947  30.0                
0.0                  -10.421052631578947  -10.421052631578947  30.0                
0.0                  -10.421052631578947  -10.421052631578947  30.0                
0.0                  -10.421052631578947  -10.421052631578947  30.0                
0.0                  -10.421052631578947  -10.421052631578947  30.0                
0.0                  -10.421052631578947  -10.421052631578947  30.0                
0.0                  -10.421052631578947  -10.421052631578947  30.0                
0.0                  -10.421052631578947  -10.421052631578947  30.0                
0.0                  -10.421052631578947  -10.421052631578947  30.0                
0.0                  -10.421052631578947  -10.421052631578947  30.0                
0.0                  -10.421052631578947  -10.421052631578947  30.0                
0.0                  -10.421052631578947  -10.421052631578947  30.0                
0.0                  -10.421052631578947  -10.421052631578947  30.0                
0.0                  -10.421052631578947  -10.421052631578947  30.0                
0.0                  -10.421052631578947  -10.421052631578947  30.0                
0.0                  -10.421052631578947  -10.421052631578947  30.0                
0.0                  -10.421052631578947  -10.421052631578947  30.0                
0.0                  -10.421052631578947  -10.421052631578947  30.0                
0.0                  -10.421052631578947  -10.421052631578947  30.0                
0.0                  -10.421052631578947  -10.421052631578947  30.0                
0.0                  -10.421052631578947  -10.421052631578947  30.0                
0.0                  -10.421052631578947  -10.421052631578947  30.0                
0.0                  -10.421052631578947  -10.421052631578947  30.0                
0.0                  -10.421052631578947  -10.421052631578947  30.0                
0.0                  -10.421052631578947  -10.421052631578947  30.0                
0.0                  -10.421052631578947  -10.421052631578947  30.0                
0.0                  -10.421052631578947  -10.421052631578947  30.0                
0.0                  -10.421052631578947  -10.421052631578947  30.0                
0.0                  -10.421052631578947  -10.421052631578947  30.0                
0.0                  -10.421052631578947  -10.421052631578947  30.0                
0.0                  -10.421052631578947  -10.421052631578947  30.0                
0.0                  -10.421052631578947  -10.421052631578947  30.0                
0.0                  -10.421052631578947  -10.421052631578947  30.0                
0.0                  -10.421052631578947  -10.421052631578947  30.0                
0.0                  -10.421052631578947  -10.421052631578947  30.0                
0.0                  -10.421052631578947  -10.421052631578947  30.0                
0.0                  -10.421052631578947  -10.421052631578947  30.0                
0.0                  -10.421052631578947  -10.421052631578947  30.0                
0.0                  -10.421052631578947  -10.421052631578947  30.0                
0.0                  -10.421052631578947  -10.421052631578947  30.0                
0.0                  -10.421052631578947  -10.421052631578947  30.0                
0.0                  -10.421052631578947  -10.421052631578947  30.0                
0.0                  -10.421052631578947  -10.421052631578947  30.0                
0.0                  -10.421052631578947  -10.421052631578947  30.0                
0.0                  -10.421052631578947  -10.421052631578947  30.0                
0.0                  -10.421052631578947  -10.421052631578947  30.0                
0.0                  -10.421052631578947  -10.421052631578947  30.0                
0.0                  -10.421052631578947  -10.421052631578947  30.0                
0.0                  -10.0                -10.0                31.0                
0.0                  -10.0                -10.0                31.0                
0.0                  -10.0                -10.0                31.0                
0.0                  -10.0                -10.0                31.0                
0.0                  -10.0                -10.0                31.0                
0.0                  -10.0                -10.0                31.0                
0.0                  -10.0                -10.0                31.0                
0.0                  -10.0                -10.0                31.0                
0.0                  -10.0                -10.0                31.0                
0.0                  -10.0                -10.0                31.0                
0.0                  -10.0                -10.0                31.0                
0.0                  -10.0                -10.0                31.0                
0.0                  -10.0                -10.0                31.0                
0.0                  -10.0                -10.0                31.0                
0.0                  -10.0                -10.0                31.0                
0.0                  -10.0                -10.0                31.0                
0.0                  -10.0                -10.0                31.0                
0.0                  -10.0                -10.0                31.0                
0.0                  -10.0                -10.0                31.0                
0.0                  -10.0                -10.0                31.0                
0.0                  -10.0                -10.0                31.0                
0.0                  -10.0                -10.0                31.0                
0.0                  -9.263157894736842   -9.263157894736842   32.0                
0.0                  -9.263157894736842   -9.263157894736842   32.0                
0.0                  -9.263157894736842   -9.263157894736842   32.0                
0.0                  -9.263157894736842   -9.263157894736842   32.0                
0.0                  -9.263157894736842   -9.263157894736842   32.0                
0.0                  -9.263157894736842   -9.263157894736842   32.0                
0.0                  -9.68421052631579    -9.68421052631579    32.0                
0.0                  -9.68421052631579    -9.68421052631579    32.0                
0.0                  -9.68421052631579    -9.68421052631579    32.0                
0.0                  -9.68421052631579    -9.68421052631579    32.0                
0.0                  -9.68421052631579    -9.68421052631579    32.0                
0.0                  -9.68421052631579    -9.68421052631579    32.0                
0.0                  -9.68421052631579    -9.68421052631579    32.0                
0.0                  -9.68421052631579    -9.68421052631579    32.0                
0.0                  -9.68421052631579    -9.68421052631579    32.0                
0.0                  -9.68421052631579    -9.68421052631579    32.0                
0.0                  -9.68421052631579    -9.68421052631579    32.0                
0.0                  -9.68421052631579    -9.68421052631579    32.0                
0.0                  -9.68421052631579    -9.68421052631579    32.0                
0.0                  -9.68421052631579    -9.68421052631579    32.0                
0.0                  -9.68421052631579    -9.68421052631579    32.0                
0.0                  -9.68421052631579    -9.68421052631579    32.0                
0.0                  -9.68421052631579    -9.68421052631579    32.0                
0.0                  -9.68421052631579    -9.68421052631579    32.0                
0.0                  -9.68421052631579    -9.68421052631579    32.0                
0.0                  -9.68421052631579    -9.68421052631579    32.0                
0.0                  -9.68421052631579    -9.68421052631579    32.0                
0.0                  -10.105263157894736  -10.105263157894736  33.0                
0.0                  -10.105263157894736  -10.105263157894736  33.0                
0.0                  -10.105263157894736  -10.105263157894736  33.0                
0.0                  -10.105263157894736  -10.105263157894736  33.0                
0.0                  -10.0                -10.0                34.0                
0.0                  -10.0                -10.0                34.0                
0.0                  -10.0                -10.0                34.0                
0.0                  -10.0                -10.0                34.0                
0.0                  -10.0                -10.0                34.0                
0.0                  -10.0                -10.0                34.0                
0.0                  -10.0                -10.0                34.0                
0.0                  -10.0                -10.0                34.0                
0.0                  -10.0                -10.0                34.0                
0.0                  -10.0                -10.0                34.0                
0.0                  -10.0                -10.0                34.0                
0.0                  -10.0                -10.0                34.0                
0.0                  -10.0                -10.0                34.0                
0.0                  -10.0                -10.0                34.0                
0.0                  -9.68421052631579    -9.68421052631579    34.0                
0.0                  -9.68421052631579    -9.68421052631579    34.0                
0.0                  -9.68421052631579    -9.68421052631579    34.0                
0.0                  -9.68421052631579    -9.68421052631579    34.0                
0.0                  -9.68421052631579    -9.68421052631579    34.0                
0.0                  -9.68421052631579    -9.68421052631579    34.0                
0.0                  -9.789473684210526   -9.789473684210526   34.0                
0.0                  -9.789473684210526   -9.789473684210526   34.0                
0.0                  -9.789473684210526   -9.789473684210526   34.0                
0.0                  -9.789473684210526   -9.789473684210526   34.0                
0.0                  -9.789473684210526   -9.789473684210526   34.0                
0.0                  -9.789473684210526   -9.789473684210526   34.0                
0.0                  -9.789473684210526   -9.789473684210526   34.0                
0.0                  -9.789473684210526   -9.789473684210526   34.0                
0.0                  -9.789473684210526   -9.789473684210526   34.0                
0.0                  -9.789473684210526   -9.789473684210526   34.0                
0.0                  -9.789473684210526   -9.789473684210526   34.0                
0.0                  -9.789473684210526   -9.789473684210526   34.0                
0.0                  -9.789473684210526   -9.789473684210526   34.0                
0.0                  -9.789473684210526   -9.789473684210526   34.0                
0.0                  -9.789473684210526   -9.789473684210526   34.0                
0.0                  -10.210526315789474  -10.210526315789474  34.0                
0.0                  -10.210526315789474  -10.210526315789474  34.0                
0.0                  -10.210526315789474  -10.210526315789474  34.0                
0.0                  -10.210526315789474  -10.210526315789474  34.0                
0.0                  -10.210526315789474  -10.210526315789474  34.0                
0.0                  -10.210526315789474  -10.210526315789474  34.0                
0.0                  -10.210526315789474  -10.210526315789474  34.0                
0.0                  -10.210526315789474  -10.210526315789474  34.0                
0.0                  -10.210526315789474  -10.210526315789474  34.0                
0.0                  -10.210526315789474  -10.210526315789474  34.0                
0.0                  -10.210526315789474  -10.210526315789474  34.0                
0.0                  -10.210526315789474  -10.210526315789474  34.0                
0.0                  -10.210526315789474  -10.210526315789474  34.0                
0.0                  -10.210526315789474  -10.210526315789474  34.0                
0.0                  -10.210526315789474  -10.210526315789474  34.0                
0.0                  -10.210526315789474  -10.210526315789474  34.0                
0.0                  -10.210526315789474  -10.210526315789474  34.0                
0.0                  -10.210526315789474  -10.210526315789474  34.0                
0.0                  -10.210526315789474  -10.210526315789474  34.0                
0.0                  -10.210526315789474  -10.210526315789474  34.0                
0.0                  -10.210526315789474  -10.210526315789474  34.0                
0.0                  -10.210526315789474  -10.210526315789474  34.0                
0.0                  -10.210526315789474  -10.210526315789474  34.0                
0.0                  -10.210526315789474  -10.210526315789474  34.0                
0.0                  -10.210526315789474  -10.210526315789474  34.0                
0.0                  -10.210526315789474  -10.210526315789474  34.0                
0.0                  -10.210526315789474  -10.210526315789474  34.0                
0.0                  -9.789473684210526   -9.789473684210526   34.0                
0.0                  -9.789473684210526   -9.789473684210526   34.0                
0.0                  -9.789473684210526   -9.789473684210526   34.0                
0.0                  -9.789473684210526   -9.789473684210526   34.0                
0.0                  -9.789473684210526   -9.789473684210526   34.0                
0.0                  -9.789473684210526   -9.789473684210526   34.0                
0.0                  -9.789473684210526   -9.789473684210526   34.0                
0.0                  -9.789473684210526   -9.789473684210526   34.0                
0.0                  -9.789473684210526   -9.789473684210526   34.0                
0.0                  -9.789473684210526   -9.789473684210526   34.0                
0.0                  -9.789473684210526   -9.789473684210526   34.0                
0.0                  -9.789473684210526   -9.789473684210526   34.0                
0.0                  -9.789473684210526   -9.789473684210526   34.0                
0.0                  -9.789473684210526   -9.789473684210526   34.0                
0.0                  -9.789473684210526   -9.789473684210526   34.0                
0.0                  -9.789473684210526   -9.789473684210526   34.0                
0.0                  -9.789473684210526   -9.789473684210526   34.0                
0.0                  -9.789473684210526   -9.789473684210526   34.0                
0.0                  -9.789473684210526   -9.789473684210526   34.0                
0.0                  -9.789473684210526   -9.789473684210526   34.0                
0.0                  -9.789473684210526   -9.789473684210526   34.0                
0.0                  -9.789473684210526   -9.789473684210526   34.0                
0.0                  -9.789473684210526   -9.789473684210526   34.0                
0.0                  -9.157894736842104   -9.157894736842104   34.0                
0.0                  -9.157894736842104   -9.157894736842104   34.0                
0.0                  -9.157894736842104   -9.157894736842104   34.0                
0.0                  -9.157894736842104   -9.157894736842104   34.0                
0.0                  -9.157894736842104   -9.157894736842104   34.0                
0.0                  -9.157894736842104   -9.157894736842104   34.0                
0.0                  -9.157894736842104   -9.157894736842104   34.0                
0.0                  -9.157894736842104   -9.157894736842104   34.0                
0.0                  -9.157894736842104   -9.157894736842104   34.0                
0.0                  -9.157894736842104   -9.157894736842104   34.0                
0.0                  -9.157894736842104   -9.157894736842104   34.0                
0.0                  -9.157894736842104   -9.157894736842104   34.0                
0.0                  -9.157894736842104   -9.157894736842104   34.0                
0.0                  -9.157894736842104   -9.157894736842104   34.0                
0.0                  -9.157894736842104   -9.157894736842104   34.0                
0.0                  -9.157894736842104   -9.157894736842104   34.0                
0.0                  -9.157894736842104   -9.157894736842104   34.0                
0.0                  -9.157894736842104   -9.157894736842104   34.0                
0.0                  -9.157894736842104   -9.157894736842104   34.0                
0.0                  -9.157894736842104   -9.157894736842104   34.0                
0.0                  -9.157894736842104   -9.157894736842104   34.0                
0.0                  -9.157894736842104   -9.157894736842104   34.0                
0.0                  -9.157894736842104   -9.157894736842104   34.0                
0.0                  -9.157894736842104   -9.157894736842104   34.0                
0.0                  -9.157894736842104   -9.157894736842104   34.0                
0.0                  -9.157894736842104   -9.157894736842104   34.0                
0.0                  -9.157894736842104   -9.157894736842104   34.0                
0.0                  -9.157894736842104   -9.157894736842104   34.0                
0.0                  -9.157894736842104   -9.157894736842104   34.0                
0.0                  -9.157894736842104   -9.157894736842104   34.0                
0.0                  -8.947368421052632   -8.947368421052632   34.0                
0.0                  -8.947368421052632   -8.947368421052632   34.0                
0.0                  -8.947368421052632   -8.947368421052632   34.0                
0.0                  -8.947368421052632   -8.947368421052632   34.0                
0.0                  -8.947368421052632   -8.947368421052632   34.0                
0.0                  -8.947368421052632   -8.947368421052632   34.0                
0.0                  -8.947368421052632   -8.947368421052632   34.0                
0.0                  -8.947368421052632   -8.947368421052632   34.0                
0.0                  -8.947368421052632   -8.947368421052632   34.0                
0.0                  -8.947368421052632   -8.947368421052632   34.0                
0.0                  -8.947368421052632   -8.947368421052632   34.0                
0.0                  -8.947368421052632   -8.947368421052632   34.0                
0.0                  -8.947368421052632   -8.947368421052632   34.0                
0.0                  -8.947368421052632   -8.947368421052632   34.0                
0.0                  -8.947368421052632   -8.947368421052632   34.0                
0.0                  -8.947368421052632   -8.947368421052632   34.0                
0.0                  -8.947368421052632   -8.947368421052632   34.0                
0.0                  -8.947368421052632   -8.947368421052632   34.0                
0.0                  -8.736842105263158   -8.736842105263158   34.0                
0.0                  -8.736842105263158   -8.736842105263158   34.0                
0.0                  -8.736842105263158   -8.736842105263158   34.0                
0.0                  -8.736842105263158   -8.736842105263158   34.0                
0.0                  -8.736842105263158   -8.736842105263158   34.0                
0.0                  -8.736842105263158   -8.736842105263158   34.0                
0.0                  -8.736842105263158   -8.736842105263158   34.0                
0.0                  -8.736842105263158   -8.736842105263158   34.0                
0.0                  -8.736842105263158   -8.736842105263158   34.0                
0.0                  -8.736842105263158   -8.736842105263158   34.0                
0.0                  -8.736842105263158   -8.736842105263158   34.0                
0.0                  -8.736842105263158   -8.736842105263158   34.0                
0.0                  -8.736842105263158   -8.736842105263158   34.0                
0.0                  -8.736842105263158   -8.736842105263158   34.0                
0.0                  -8.736842105263158   -8.736842105263158   34.0                
0.0                  -8.736842105263158   -8.736842105263158   34.0                
0.0                  -8.526315789473685   -8.526315789473685   34.0                
0.0                  -8.526315789473685   -8.526315789473685   34.0                
0.0                  -8.526315789473685   -8.526315789473685   34.0                
0.0                  -8.526315789473685   -8.526315789473685   34.0                
0.0                  -8.526315789473685   -8.526315789473685   34.0                
0.0                  -8.526315789473685   -8.526315789473685   34.0                
0.0                  -8.526315789473685   -8.526315789473685   34.0                
0.0                  -8.526315789473685   -8.526315789473685   34.0                
0.0                  -8.526315789473685   -8.526315789473685   34.0                
0.0                  -8.526315789473685   -8.526315789473685   34.0                
0.0                  -8.526315789473685   -8.526315789473685   34.0                
0.0                  -8.526315789473685   -8.526315789473685   34.0                
0.0                  -8.526315789473685   -8.526315789473685   34.0                
0.0                  -8.526315789473685   -8.526315789473685   34.0                
0.0                  -8.526315789473685   -8.526315789473685   34.0                
0.0                  -8.526315789473685   -8.526315789473685   34.0                
0.0                  -8.526315789473685   -8.526315789473685   34.0                
0.0                  -8.526315789473685   -8.526315789473685   34.0                
0.0                  -8.526315789473685   -8.526315789473685   34.0                
0.0                  -8.526315789473685   -8.526315789473685   34.0                
0.0                  -8.526315789473685   -8.526315789473685   34.0                
0.0                  -8.526315789473685   -8.526315789473685   34.0                
0.0                  -8.526315789473685   -8.526315789473685   34.0                
0.0                  -8.526315789473685   -8.526315789473685   34.0                
0.0                  -8.526315789473685   -8.526315789473685   34.0                
0.0                  -8.526315789473685   -8.526315789473685   34.0                
0.0                  -8.526315789473685   -8.526315789473685   34.0                
0.0                  -8.526315789473685   -8.526315789473685   34.0                
0.0                  -8.31578947368421    -8.31578947368421    34.0                
0.0                  -8.31578947368421    -8.31578947368421    34.0                
0.0                  -8.31578947368421    -8.31578947368421    34.0                
0.0                  -8.31578947368421    -8.31578947368421    34.0                
0.0                  -8.31578947368421    -8.31578947368421    34.0                
0.0                  -8.31578947368421    -8.31578947368421    34.0                
0.0                  -8.31578947368421    -8.31578947368421    34.0                
0.0                  -8.31578947368421    -8.31578947368421    34.0                
0.0                  -8.31578947368421    -8.31578947368421    34.0                
0.0                  -8.31578947368421    -8.31578947368421    34.0                
0.0                  -8.526315789473685   -8.526315789473685   34.0                
0.0                  -8.526315789473685   -8.526315789473685   34.0                
0.0                  -8.526315789473685   -8.526315789473685   34.0                
0.0                  -8.526315789473685   -8.526315789473685   34.0                
0.0                  -8.526315789473685   -8.526315789473685   34.0                
0.0                  -8.526315789473685   -8.526315789473685   34.0                
0.0                  -8.526315789473685   -8.526315789473685   34.0                
0.0                  -8.526315789473685   -8.526315789473685   34.0                
0.0                  -8.526315789473685   -8.526315789473685   34.0                
0.0                  -8.526315789473685   -8.526315789473685   34.0                
0.0                  -8.526315789473685   -8.526315789473685   34.0                
0.0                  -8.526315789473685   -8.526315789473685   34.0                
0.0                  -8.526315789473685   -8.526315789473685   34.0                
0.0                  -8.736842105263158   -8.736842105263158   34.0                
0.0                  -8.736842105263158   -8.736842105263158   34.0                
0.0                  -8.736842105263158   -8.736842105263158   34.0                
0.0                  -8.736842105263158   -8.736842105263158   34.0                
0.0                  -8.736842105263158   -8.736842105263158   34.0                
0.0                  -8.736842105263158   -8.736842105263158   34.0                
0.0                  -8.736842105263158   -8.736842105263158   34.0                
0.0                  -8.736842105263158   -8.736842105263158   34.0                
0.0                  -8.736842105263158   -8.736842105263158   34.0                
0.0                  -8.736842105263158   -8.736842105263158   34.0                
0.0                  -8.736842105263158   -8.736842105263158   34.0                
0.0                  -9.68421052631579    -9.68421052631579    34.0                
0.0                  -9.68421052631579    -9.68421052631579    34.0                
0.0                  -9.68421052631579    -9.68421052631579    34.0                
0.0                  -10.105263157894736  -10.105263157894736  34.0                
0.0                  -10.105263157894736  -10.105263157894736  34.0                
0.0                  -10.105263157894736  -10.105263157894736  34.0                
0.0                  -10.105263157894736  -10.105263157894736  34.0                
0.0                  -10.105263157894736  -10.105263157894736  34.0                
0.0                  -10.105263157894736  -10.105263157894736  34.0                
0.0                  -10.105263157894736  -10.105263157894736  34.0                
0.0                  -10.105263157894736  -10.105263157894736  34.0                
0.0                  -10.105263157894736  -10.105263157894736  34.0                
0.0                  -10.105263157894736  -10.105263157894736  34.0                
0.0                  -10.105263157894736  -10.105263157894736  34.0                
0.0                  -10.105263157894736  -10.105263157894736  34.0                
0.0                  -10.105263157894736  -10.105263157894736  34.0                
0.0                  -10.105263157894736  -10.105263157894736  34.0                
0.0                  -10.105263157894736  -10.105263157894736  34.0                
0.0                  -10.105263157894736  -10.105263157894736  34.0                
0.0                  -10.105263157894736  -10.105263157894736  34.0                
0.0                  -10.105263157894736  -10.105263157894736  34.0                
0.0                  -10.105263157894736  -10.105263157894736  34.0                
0.0                  -10.105263157894736  -10.105263157894736  34.0                
0.0                  -10.105263157894736  -10.105263157894736  34.0                
0.0                  -9.894736842105264   -9.894736842105264   34.0                
0.0                  -9.894736842105264   -9.894736842105264   34.0                
0.0                  -9.894736842105264   -9.894736842105264   34.0                
0.0                  -9.894736842105264   -9.894736842105264   34.0                
0.0                  -9.894736842105264   -9.894736842105264   34.0                
0.0                  -9.894736842105264   -9.894736842105264   34.0                
0.0                  -9.894736842105264   -9.894736842105264   34.0                
0.0                  -9.894736842105264   -9.894736842105264   34.0                
0.0                  -9.894736842105264   -9.894736842105264   34.0                
0.0                  -9.894736842105264   -9.894736842105264   34.0                
0.0                  -9.894736842105264   -9.894736842105264   34.0                
0.0                  -9.894736842105264   -9.894736842105264   34.0                
0.0                  -9.894736842105264   -9.894736842105264   34.0                
0.0                  -9.894736842105264   -9.894736842105264   34.0                
0.0                  -9.894736842105264   -9.894736842105264   34.0                
0.0                  -9.894736842105264   -9.894736842105264   34.0                
0.0                  -9.894736842105264   -9.894736842105264   34.0                
0.0                  -9.894736842105264   -9.894736842105264   34.0                
0.0                  -9.894736842105264   -9.894736842105264   34.0                
0.0                  -9.894736842105264   -9.894736842105264   34.0                
0.0                  -9.894736842105264   -9.894736842105264   34.0                
0.0                  -9.894736842105264   -9.894736842105264   34.0                
0.0                  -9.894736842105264   -9.894736842105264   34.0                
0.0                  -9.894736842105264   -9.894736842105264   34.0                
0.0                  -9.894736842105264   -9.894736842105264   34.0                
0.0                  -9.894736842105264   -9.894736842105264   34.0                
0.0                  -9.894736842105264   -9.894736842105264   34.0                
0.0                  -9.894736842105264   -9.894736842105264   34.0                
0.0                  -9.894736842105264   -9.894736842105264   34.0                
0.0                  -9.894736842105264   -9.894736842105264   34.0                
0.0                  -9.894736842105264   -9.894736842105264   34.0                
0.0                  -9.894736842105264   -9.894736842105264   34.0                
0.0                  -9.894736842105264   -9.894736842105264   34.0                
0.0                  -9.894736842105264   -9.894736842105264   34.0                
0.0                  -9.894736842105264   -9.894736842105264   34.0                
0.0                  -9.894736842105264   -9.894736842105264   34.0                
0.0                  -9.894736842105264   -9.894736842105264   34.0                
0.0                  -9.894736842105264   -9.894736842105264   34.0                
0.0                  -9.894736842105264   -9.894736842105264   34.0                
0.0                  -10.421052631578947  -10.421052631578947  35.0                
0.0                  -10.421052631578947  -10.421052631578947  35.0                
0.0                  -10.421052631578947  -10.421052631578947  35.0                
0.0                  -10.421052631578947  -10.421052631578947  35.0                
0.0                  -10.105263157894736  -10.105263157894736  35.0                
0.0                  -10.105263157894736  -10.105263157894736  35.0                
0.0                  -10.105263157894736  -10.105263157894736  35.0                
0.0                  -10.105263157894736  -10.105263157894736  35.0                
0.0                  -10.105263157894736  -10.105263157894736  35.0                
0.0                  -10.31578947368421   -10.31578947368421   35.0                
0.0                  -10.31578947368421   -10.31578947368421   35.0                
0.0                  -10.31578947368421   -10.31578947368421   35.0                
0.0                  -10.31578947368421   -10.31578947368421   35.0                
0.0                  -10.31578947368421   -10.31578947368421   35.0                
0.0                  -10.526315789473685  -10.526315789473685  35.0                
0.0                  -10.526315789473685  -10.526315789473685  35.0                
0.0                  -10.526315789473685  -10.526315789473685  35.0                
0.0                  -10.526315789473685  -10.526315789473685  35.0                
0.0                  -10.526315789473685  -10.526315789473685  35.0                
0.0                  -10.526315789473685  -10.526315789473685  35.0                
0.0                  -10.526315789473685  -10.526315789473685  35.0                
0.0                  -10.526315789473685  -10.526315789473685  35.0                
0.0                  -10.526315789473685  -10.526315789473685  35.0                
0.0                  -10.526315789473685  -10.526315789473685  35.0                
0.0                  -10.526315789473685  -10.526315789473685  35.0                
0.0                  -10.526315789473685  -10.526315789473685  35.0                
0.0                  -10.526315789473685  -10.526315789473685  35.0                
0.0                  -10.526315789473685  -10.526315789473685  35.0                
0.0                  -10.526315789473685  -10.526315789473685  35.0                
0.0                  -10.526315789473685  -10.526315789473685  35.0                
0.0                  -10.31578947368421   -10.31578947368421   35.0                
0.0                  -10.31578947368421   -10.31578947368421   35.0                
0.0                  -10.31578947368421   -10.31578947368421   35.0                
0.0                  -10.31578947368421   -10.31578947368421   35.0                
0.0                  -10.31578947368421   -10.31578947368421   35.0                
0.0                  -10.31578947368421   -10.31578947368421   35.0                
0.0                  -10.31578947368421   -10.31578947368421   35.0                
0.0                  -10.31578947368421   -10.31578947368421   35.0                
0.0                  -10.31578947368421   -10.31578947368421   35.0                
0.0                  -10.31578947368421   -10.31578947368421   35.0                
0.0                  -10.31578947368421   -10.31578947368421   35.0                
0.0                  -10.31578947368421   -10.31578947368421   35.0                
0.0                  -10.31578947368421   -10.31578947368421   35.0                
0.0                  -10.31578947368421   -10.31578947368421   35.0                
0.0                  -10.31578947368421   -10.31578947368421   35.0                
0.0                  -10.31578947368421   -10.31578947368421   35.0                
0.0                  -10.31578947368421   -10.31578947368421   35.0                
0.0                  -10.31578947368421   -10.31578947368421   35.0                
0.0                  -10.31578947368421   -10.31578947368421   35.0                
0.0                  -10.31578947368421   -10.31578947368421   35.0                
0.0                  -10.31578947368421   -10.31578947368421   35.0                
0.0                  -10.31578947368421   -10.31578947368421   35.0                
0.0                  -10.421052631578947  -10.421052631578947  35.0                
0.0                  -10.421052631578947  -10.421052631578947  35.0                
0.0                  -10.421052631578947  -10.421052631578947  35.0                
0.0                  -10.421052631578947  -10.421052631578947  35.0                
0.0                  -10.421052631578947  -10.421052631578947  35.0                
0.0                  -10.421052631578947  -10.421052631578947  35.0                
0.0                  -10.421052631578947  -10.421052631578947  35.0                
0.0                  -10.421052631578947  -10.421052631578947  35.0                
0.0                  -10.421052631578947  -10.421052631578947  35.0                
0.0                  -10.421052631578947  -10.421052631578947  35.0                
0.0                  -10.421052631578947  -10.421052631578947  35.0                
0.0                  -10.421052631578947  -10.421052631578947  35.0                
0.0                  -10.421052631578947  -10.421052631578947  35.0                
0.0                  -10.421052631578947  -10.421052631578947  35.0                
0.0                  -10.421052631578947  -10.421052631578947  35.0                
0.0                  -10.421052631578947  -10.421052631578947  35.0                
0.0                  -10.421052631578947  -10.421052631578947  35.0                
0.0                  -10.421052631578947  -10.421052631578947  35.0                
0.0                  -11.68421052631579   -11.68421052631579   36.0                
0.0                  -11.68421052631579   -11.68421052631579   36.0                
0.0                  -11.68421052631579   -11.68421052631579   36.0                
0.0                  -11.68421052631579   -11.68421052631579   36.0                
0.0                  -11.68421052631579   -11.68421052631579   36.0                
0.0                  -11.68421052631579   -11.68421052631579   36.0                
0.0                  -11.68421052631579   -11.68421052631579   36.0                
0.0                  -11.473684210526315  -11.473684210526315  36.0                
0.0                  -11.68421052631579   -11.68421052631579   36.0                
0.0                  -11.68421052631579   -11.68421052631579   36.0                
0.0                  -11.68421052631579   -11.68421052631579   36.0                
0.0                  -12.842105263157896  -12.842105263157896  37.0                
0.0                  -12.842105263157896  -12.842105263157896  37.0                
0.0                  -13.052631578947368  -13.052631578947368  37.0                
0.0                  -13.052631578947368  -13.052631578947368  37.0                
0.0                  -13.052631578947368  -13.052631578947368  37.0                
0.0                  -13.052631578947368  -13.052631578947368  37.0                
0.0                  -13.052631578947368  -13.052631578947368  37.0                
0.0                  -13.052631578947368  -13.052631578947368  37.0                
0.0                  -13.052631578947368  -13.052631578947368  37.0                
0.0                  -13.052631578947368  -13.052631578947368  37.0                
0.0                  -13.052631578947368  -13.052631578947368  37.0                
0.0                  -13.052631578947368  -13.052631578947368  37.0                
0.0                  -13.052631578947368  -13.052631578947368  37.0                
0.0                  -13.052631578947368  -13.052631578947368  37.0                
0.0                  -13.052631578947368  -13.052631578947368  37.0                
0.0                  -13.052631578947368  -13.052631578947368  37.0                
0.0                  -13.052631578947368  -13.052631578947368  37.0                
0.0                  -13.052631578947368  -13.052631578947368  37.0                
0.0                  -13.052631578947368  -13.052631578947368  37.0                
0.0                  -13.052631578947368  -13.052631578947368  37.0                
0.0                  -13.052631578947368  -13.052631578947368  37.0                
0.0                  -12.842105263157896  -12.842105263157896  37.0                
0.0                  -12.842105263157896  -12.842105263157896  37.0                
