# MC_step Egs // BH Parameters: L=3,N=3,U=1.00000000,mu=-0.50000000,MC_steps=100000
4.5000000000000000
4.5000000000000000
4.5000000000000000
4.5000000000000000
4.5000000000000000
2.5000000000000000
4.5000000000000000
2.5000000000000000
4.5000000000000000
4.5000000000000000
4.5000000000000000
4.5000000000000000
4.5000000000000000
4.5000000000000000
4.5000000000000000
2.5000000000000000
4.5000000000000000
2.5000000000000000
4.5000000000000000
4.5000000000000000
4.5000000000000000
4.5000000000000000
2.5000000000000000
4.5000000000000000
4.5000000000000000
4.5000000000000000
4.5000000000000000
4.5000000000000000
2.5000000000000000
2.5000000000000000
4.5000000000000000
4.5000000000000000
4.5000000000000000
4.5000000000000000
4.5000000000000000
4.5000000000000000
4.5000000000000000
2.5000000000000000
2.5000000000000000
4.5000000000000000
4.5000000000000000
4.5000000000000000
4.5000000000000000
2.5000000000000000
2.5000000000000000
2.5000000000000000
4.5000000000000000
4.5000000000000000
4.5000000000000000
4.5000000000000000
4.5000000000000000
2.5000000000000000
2.5000000000000000
4.5000000000000000
4.5000000000000000
4.5000000000000000
4.5000000000000000
4.5000000000000000
2.5000000000000000
2.5000000000000000
4.5000000000000000
4.5000000000000000
4.5000000000000000
4.5000000000000000
2.5000000000000000
4.5000000000000000
4.5000000000000000
4.5000000000000000
4.5000000000000000
2.5000000000000000
4.5000000000000000
4.5000000000000000
4.5000000000000000
4.5000000000000000
4.5000000000000000
4.5000000000000000
4.5000000000000000
4.5000000000000000
4.5000000000000000
4.5000000000000000
4.5000000000000000
2.5000000000000000
4.5000000000000000
4.5000000000000000
4.5000000000000000
4.5000000000000000
4.5000000000000000
4.5000000000000000
4.5000000000000000
2.5000000000000000
4.5000000000000000
4.5000000000000000
4.5000000000000000
4.5000000000000000
4.5000000000000000
2.5000000000000000
