# MC_step <E_canonical> // BH Parameters: L=4,N=4,U=7.0000,mu=0.5000,t=1.0000,eta=0.2500,MC_steps=50000
-5.7507501500300062
0.9991998399679938
0.9991998399679938
0.7491498299659929
2.4994998999799960
1.9993998799759951
-4.5005001000200036
-4.0004000800160036
-4.7505501100220044
-3.2502500500100018
-6.2508501700340071
0.7491498299659929
0.2490498099619929
0.4990998199639929
-4.2504500900180036
-4.7505501100220044
-4.7505501100220044
-5.2506501300260053
-5.2506501300260053
-5.2506501300260053
-5.0006001200240053
-4.5005001000200036
-4.5005001000200036
1.2492498499699942
-5.5007001400280053
-5.5007001400280053
-5.5007001400280053
-4.5005001000200036
-4.5005001000200036
-4.5005001000200036
-4.7505501100220044
-4.7505501100220044
-6.0008001600320062
-6.0008001600320062
-5.0006001200240053
-5.5007001400280053
-5.5007001400280053
0.9991998399679938
1.4992998599719947
1.7493498699739947
0.9991998399679938
0.2490498099619929
0.2490498099619929
0.2490498099619929
-5.2506501300260053
-5.0006001200240053
-6.7509501900380071
-6.7509501900380071
