# MC_step <E_canonical> // BH Parameters: L=4,N=4,U=5.0000,mu=2.0000,t=1.0000,eta=0.3536,MC_steps=100000
-13.0000000000000000
-13.0000000000000000
-13.0000000000000000
-13.0000000000000000
-13.0000000000000000
-13.0000000000000000
-13.0000000000000000
-10.5000000000000000
-10.5000000000000000
-10.5000000000000000
-10.5000000000000000
-5.5000000000000000
-8.0000000000000000
-8.0000000000000000
-8.0000000000000000
-8.0000000000000000
-8.0000000000000000
-8.0000000000000000
-8.0000000000000000
-8.0000000000000000
-8.0000000000000000
-8.0000000000000000
-8.0000000000000000
-8.0000000000000000
-8.0000000000000000
-8.0000000000000000
-8.0000000000000000
-8.0000000000000000
-8.0000000000000000
-8.0000000000000000
-8.0000000000000000
-8.0000000000000000
-8.0000000000000000
-8.0000000000000000
-8.0000000000000000
-8.0000000000000000
-8.0000000000000000
-8.0000000000000000
-8.0000000000000000
-8.0000000000000000
-8.0000000000000000
-8.0000000000000000
-8.0000000000000000
-8.0000000000000000
-8.0000000000000000
-8.0000000000000000
-8.0000000000000000
-8.0000000000000000
-8.0000000000000000
-8.0000000000000000
-8.0000000000000000
-8.0000000000000000
-8.0000000000000000
-8.0000000000000000
-8.0000000000000000
-8.0000000000000000
-8.0000000000000000
-8.0000000000000000
-8.0000000000000000
-8.0000000000000000
-8.0000000000000000
-8.0000000000000000
-8.0000000000000000
-8.0000000000000000
-8.0000000000000000
-8.0000000000000000
-8.0000000000000000
-8.0000000000000000
-8.0000000000000000
-8.0000000000000000
-8.0000000000000000
-8.0000000000000000
-8.0000000000000000
-8.0000000000000000
-8.0000000000000000
-8.0000000000000000
-8.0000000000000000
-8.0000000000000000
-8.0000000000000000
-8.0000000000000000
-8.0000000000000000
-8.0000000000000000
-8.0000000000000000
-8.0000000000000000
-8.0000000000000000
-8.0000000000000000
-8.0000000000000000
-8.0000000000000000
-8.0000000000000000
-8.0000000000000000
-8.0000000000000000
-10.5000000000000000
-10.5000000000000000
-10.5000000000000000
-10.5000000000000000
-10.5000000000000000
-10.5000000000000000
-10.5000000000000000
-10.5000000000000000
-10.5000000000000000
-10.5000000000000000
-10.5000000000000000
-10.5000000000000000
-10.5000000000000000
-10.5000000000000000
-10.5000000000000000
-10.5000000000000000
-10.5000000000000000
-10.5000000000000000
-10.5000000000000000
-10.5000000000000000
-8.0000000000000000
-8.0000000000000000
-8.0000000000000000
-10.5000000000000000
-10.5000000000000000
-10.5000000000000000
-10.5000000000000000
-10.5000000000000000
-10.5000000000000000
-10.5000000000000000
-10.5000000000000000
-10.5000000000000000
-10.5000000000000000
-8.0000000000000000
-8.0000000000000000
-8.0000000000000000
-8.0000000000000000
-8.0000000000000000
-8.0000000000000000
-8.0000000000000000
-8.0000000000000000
-8.0000000000000000
-8.0000000000000000
-8.0000000000000000
-8.0000000000000000
-8.0000000000000000
-8.0000000000000000
-8.0000000000000000
-8.0000000000000000
-8.0000000000000000
-8.0000000000000000
