# L=4,N=4,U=100.0000,mu=0.2849,t=1.0000,eta=0.2054,beta=2.0000,M=2000000
# H_0/t              H_1/t                E/t                  N             
1.7763568394002505e-15 -0.0                 1.7763568394002505e-15 4.0                 
-1.7763568394002505e-15 -0.0                 -1.7763568394002505e-15 4.0                 
-2.6645352591003757e-15 -0.0                 -2.6645352591003757e-15 4.0                 
-2.4424906541753444e-15 -0.0                 -2.4424906541753444e-15 4.0                 
-2.6645352591003757e-15 -0.0                 -2.6645352591003757e-15 4.0                 
-3.552713678800501e-15 -0.0                 -3.552713678800501e-15 4.0                 
-3.9968028886505635e-15 -0.0                 -3.9968028886505635e-15 4.0                 
-3.9968028886505635e-15 -0.0                 -3.9968028886505635e-15 4.0                 
-2.4424906541753444e-15 -0.0                 -2.4424906541753444e-15 4.0                 
-4.884981308350689e-15 -0.0                 -4.884981308350689e-15 4.0                 
-4.440892098500626e-15 -0.0                 -4.440892098500626e-15 4.0                 
-3.1086244689504383e-15 -0.0                 -3.1086244689504383e-15 4.0                 
4.440892098500626e-16 -0.0                 4.440892098500626e-16 4.0                 
-1.5543122344752192e-15 -0.0                 -1.5543122344752192e-15 4.0                 
-2.220446049250313e-15 -0.0                 -2.220446049250313e-15 4.0                 
-4.440892098500626e-16 -0.0                 -4.440892098500626e-16 4.0                 
0.0                  -0.0                 0.0                  4.0                 
1.1102230246251565e-15 -0.0                 1.1102230246251565e-15 4.0                 
-6.661338147750939e-16 -0.0                 -6.661338147750939e-16 4.0                 
-8.881784197001252e-16 -0.0                 -8.881784197001252e-16 4.0                 
-1.9984014443252818e-15 -0.0                 -1.9984014443252818e-15 4.0                 
4.440892098500626e-16 -0.0                 4.440892098500626e-16 4.0                 
-2.220446049250313e-15 -0.0                 -2.220446049250313e-15 4.0                 
-2.4424906541753444e-15 -0.0                 -2.4424906541753444e-15 4.0                 
-1.1102230246251565e-15 -0.0                 -1.1102230246251565e-15 4.0                 
-1.3322676295501878e-15 -0.0                 -1.3322676295501878e-15 4.0                 
-1.3322676295501878e-15 -0.0                 -1.3322676295501878e-15 4.0                 
1.9984014443252818e-15 -0.0                 1.9984014443252818e-15 4.0                 
0.0                  -0.0                 0.0                  4.0                 
1.1102230246251565e-15 -0.0                 1.1102230246251565e-15 4.0                 
1.1102230246251565e-15 -0.0                 1.1102230246251565e-15 4.0                 
6.661338147750939e-16 -0.0                 6.661338147750939e-16 4.0                 
3.774758283725532e-15 -0.0                 3.774758283725532e-15 4.0                 
7.105427357601002e-15 -0.0                 7.105427357601002e-15 4.0                 
7.105427357601002e-15 -0.0                 7.105427357601002e-15 4.0                 
8.43769498715119e-15 -0.0                 8.43769498715119e-15 4.0                 
1.199040866595169e-14 -0.0                 1.199040866595169e-14 4.0                 
1.4876988529977098e-14 -0.0                 1.4876988529977098e-14 4.0                 
1.6209256159527285e-14 -0.0                 1.6209256159527285e-14 4.0                 
1.7541523789077473e-14 -0.0                 1.7541523789077473e-14 4.0                 
1.5987211554602254e-14 -0.0                 1.5987211554602254e-14 4.0                 
1.3100631690576847e-14 -0.0                 1.3100631690576847e-14 4.0                 
1.4210854715202004e-14 -0.0                 1.4210854715202004e-14 4.0                 
1.3766765505351941e-14 -0.0                 1.3766765505351941e-14 4.0                 
1.5765166949677223e-14 -0.0                 1.5765166949677223e-14 4.0                 
1.4876988529977098e-14 -0.0                 1.4876988529977098e-14 4.0                 
1.5765166949677223e-14 -0.0                 1.5765166949677223e-14 4.0                 
2.1094237467877974e-14 -0.0                 2.1094237467877974e-14 4.0                 
2.1094237467877974e-14 -0.0                 2.1094237467877974e-14 4.0                 
1.9761969838327786e-14 -0.0                 1.9761969838327786e-14 4.0                 
1.865174681370263e-14 -0.0                 1.865174681370263e-14 4.0                 
1.9761969838327786e-14 -0.0                 1.9761969838327786e-14 4.0                 
1.9317880628477724e-14 -0.0                 1.9317880628477724e-14 4.0                 
1.865174681370263e-14 -0.0                 1.865174681370263e-14 4.0                 
1.9984014443252818e-14 -0.0                 1.9984014443252818e-14 4.0                 
1.0436096431476471e-14 -0.0                 1.0436096431476471e-14 4.0                 
1.1102230246251565e-14 -0.0                 1.1102230246251565e-14 4.0                 
1.2878587085651816e-14 -0.0                 1.2878587085651816e-14 4.0                 
1.3766765505351941e-14 -0.0                 1.3766765505351941e-14 4.0                 
1.3322676295501878e-14 -0.0                 1.3322676295501878e-14 4.0                 
7.549516567451064e-15 -0.0                 7.549516567451064e-15 4.0                 
4.884981308350689e-15 -0.0                 4.884981308350689e-15 4.0                 
3.552713678800501e-15 -0.0                 3.552713678800501e-15 4.0                 
3.9968028886505635e-15 -0.0                 3.9968028886505635e-15 4.0                 
7.549516567451064e-15 -0.0                 7.549516567451064e-15 4.0                 
7.105427357601002e-15 -0.0                 7.105427357601002e-15 4.0                 
7.105427357601002e-15 -0.0                 7.105427357601002e-15 4.0                 
7.771561172376096e-15 -0.0                 7.771561172376096e-15 4.0                 
6.661338147750939e-15 -0.0                 6.661338147750939e-15 4.0                 
7.327471962526033e-15 -0.0                 7.327471962526033e-15 4.0                 
7.105427357601002e-15 -0.0                 7.105427357601002e-15 4.0                 
7.993605777301127e-15 -0.0                 7.993605777301127e-15 4.0                 
7.327471962526033e-15 -0.0                 7.327471962526033e-15 4.0                 
1.0436096431476471e-14 -0.0                 1.0436096431476471e-14 4.0                 
1.021405182655144e-14 -0.0                 1.021405182655144e-14 4.0                 
1.1324274851176597e-14 -0.0                 1.1324274851176597e-14 4.0                 
1.1102230246251565e-14 -0.0                 1.1102230246251565e-14 4.0                 
7.993605777301127e-15 -0.0                 7.993605777301127e-15 4.0                 
5.551115123125783e-15 -0.0                 5.551115123125783e-15 4.0                 
6.8833827526759706e-15 -0.0                 6.8833827526759706e-15 4.0                 
6.217248937900877e-15 -0.0                 6.217248937900877e-15 4.0                 
7.105427357601002e-15 -0.0                 7.105427357601002e-15 4.0                 
5.773159728050814e-15 -0.0                 5.773159728050814e-15 4.0                 
5.773159728050814e-15 -0.0                 5.773159728050814e-15 4.0                 
1.5543122344752192e-15 -0.0                 1.5543122344752192e-15 4.0                 
-4.440892098500626e-16 -0.0                 -4.440892098500626e-16 4.0                 
2.220446049250313e-16 -0.0                 2.220446049250313e-16 4.0                 
-2.4424906541753444e-15 -0.0                 -2.4424906541753444e-15 4.0                 
-1.3322676295501878e-15 -0.0                 -1.3322676295501878e-15 4.0                 
-1.1102230246251565e-15 -0.0                 -1.1102230246251565e-15 4.0                 
0.0                  -0.0                 0.0                  4.0                 
2.220446049250313e-16 -0.0                 2.220446049250313e-16 4.0                 
2.220446049250313e-15 -0.0                 2.220446049250313e-15 4.0                 
6.661338147750939e-16 -0.0                 6.661338147750939e-16 4.0                 
1.9984014443252818e-15 -0.0                 1.9984014443252818e-15 4.0                 
1.9984014443252818e-15 -0.0                 1.9984014443252818e-15 4.0                 
1.9984014443252818e-15 -0.0                 1.9984014443252818e-15 4.0                 
3.552713678800501e-15 -0.0                 3.552713678800501e-15 4.0                 
-2.220446049250313e-16 -0.0                 -2.220446049250313e-16 4.0                 
-1.5543122344752192e-15 -0.0                 -1.5543122344752192e-15 4.0                 
-1.9984014443252818e-15 -0.0                 -1.9984014443252818e-15 4.0                 
-2.220446049250313e-15 -0.0                 -2.220446049250313e-15 4.0                 
5.551115123125783e-15 -0.0                 5.551115123125783e-15 4.0                 
4.884981308350689e-15 -0.0                 4.884981308350689e-15 4.0                 
5.551115123125783e-15 -0.0                 5.551115123125783e-15 4.0                 
5.773159728050814e-15 -0.0                 5.773159728050814e-15 4.0                 
6.217248937900877e-15 -0.0                 6.217248937900877e-15 4.0                 
6.217248937900877e-15 -5.0                 -4.999999999999994   4.0                 
7.105427357601002e-15 -5.0                 -4.999999999999993   4.0                 
7.105427357601002e-15 -5.0                 -4.999999999999993   4.0                 
6.661338147750939e-15 -5.0                 -4.999999999999993   4.0                 
4.218847493575595e-15 -0.0                 4.218847493575595e-15 4.0                 
4.218847493575595e-15 -0.0                 4.218847493575595e-15 4.0                 
4.6629367034256575e-15 -0.0                 4.6629367034256575e-15 4.0                 
3.9968028886505635e-15 -0.0                 3.9968028886505635e-15 4.0                 
4.6629367034256575e-15 -0.0                 4.6629367034256575e-15 4.0                 
3.1086244689504383e-15 -0.0                 3.1086244689504383e-15 4.0                 
6.661338147750939e-16 -0.0                 6.661338147750939e-16 4.0                 
7.549516567451064e-15 -0.0                 7.549516567451064e-15 4.0                 
9.325873406851315e-15 -5.0                 -4.999999999999991   4.0                 
6.8833827526759706e-15 -5.0                 -4.999999999999993   4.0                 
6.8833827526759706e-15 -5.0                 -4.999999999999993   4.0                 
7.327471962526033e-15 -0.0                 7.327471962526033e-15 4.0                 
-1.1102230246251565e-15 -5.0                 -5.000000000000001   4.0                 
0.0                  -0.0                 0.0                  4.0                 
1.5543122344752192e-15 -0.0                 1.5543122344752192e-15 4.0                 
1.5543122344752192e-15 -0.0                 1.5543122344752192e-15 4.0                 
2.220446049250313e-16 -0.0                 2.220446049250313e-16 4.0                 
1.3322676295501878e-15 -0.0                 1.3322676295501878e-15 4.0                 
-2.220446049250313e-16 -0.0                 -2.220446049250313e-16 4.0                 
-2.220446049250313e-16 -0.0                 -2.220446049250313e-16 4.0                 
-4.440892098500626e-16 -0.0                 -4.440892098500626e-16 4.0                 
-6.661338147750939e-16 -0.0                 -6.661338147750939e-16 4.0                 
-4.440892098500626e-16 -0.0                 -4.440892098500626e-16 4.0                 
-1.9984014443252818e-15 -0.0                 -1.9984014443252818e-15 4.0                 
-2.4424906541753444e-15 -0.0                 -2.4424906541753444e-15 4.0                 
-2.886579864025407e-15 -0.0                 -2.886579864025407e-15 4.0                 
-3.9968028886505635e-15 -0.0                 -3.9968028886505635e-15 4.0                 
-1.1102230246251565e-14 -0.0                 -1.1102230246251565e-14 4.0                 
-1.021405182655144e-14 -0.0                 -1.021405182655144e-14 4.0                 
-9.325873406851315e-15 -0.0                 -9.325873406851315e-15 4.0                 
-8.881784197001252e-15 -0.0                 -8.881784197001252e-15 4.0                 
-7.993605777301127e-15 -0.0                 -7.993605777301127e-15 4.0                 
-7.993605777301127e-15 -0.0                 -7.993605777301127e-15 4.0                 
-6.217248937900877e-15 -0.0                 -6.217248937900877e-15 4.0                 
-8.43769498715119e-15 -0.0                 -8.43769498715119e-15 4.0                 
-5.10702591327572e-15 -0.0                 -5.10702591327572e-15 4.0                 
-1.3322676295501878e-15 -0.0                 -1.3322676295501878e-15 4.0                 
-1.5543122344752192e-15 -0.0                 -1.5543122344752192e-15 4.0                 
-3.9968028886505635e-15 -0.0                 -3.9968028886505635e-15 4.0                 
-5.551115123125783e-15 -0.0                 -5.551115123125783e-15 4.0                 
-6.439293542825908e-15 -0.0                 -6.439293542825908e-15 4.0                 
-6.439293542825908e-15 -0.0                 -6.439293542825908e-15 4.0                 
-1.0658141036401503e-14 -0.0                 -1.0658141036401503e-14 4.0                 
-1.1102230246251565e-14 -0.0                 -1.1102230246251565e-14 4.0                 
-9.547918011776346e-15 -0.0                 -9.547918011776346e-15 4.0                 
-7.549516567451064e-15 -0.0                 -7.549516567451064e-15 4.0                 
-6.217248937900877e-15 -0.0                 -6.217248937900877e-15 4.0                 
-1.0658141036401503e-14 -0.0                 -1.0658141036401503e-14 4.0                 
-7.771561172376096e-15 -0.0                 -7.771561172376096e-15 4.0                 
-4.884981308350689e-15 -0.0                 -4.884981308350689e-15 4.0                 
-1.7763568394002505e-15 -0.0                 -1.7763568394002505e-15 4.0                 
-4.440892098500626e-16 -0.0                 -4.440892098500626e-16 4.0                 
-8.881784197001252e-16 -0.0                 -8.881784197001252e-16 4.0                 
1.3322676295501878e-15 -0.0                 1.3322676295501878e-15 4.0                 
1.9984014443252818e-15 -0.0                 1.9984014443252818e-15 4.0                 
-1.1102230246251565e-15 -0.0                 -1.1102230246251565e-15 4.0                 
-6.661338147750939e-16 -0.0                 -6.661338147750939e-16 4.0                 
-4.440892098500626e-16 -0.0                 -4.440892098500626e-16 4.0                 
-1.3322676295501878e-15 -0.0                 -1.3322676295501878e-15 4.0                 
-1.3322676295501878e-15 -0.0                 -1.3322676295501878e-15 4.0                 
-4.440892098500626e-16 -0.0                 -4.440892098500626e-16 4.0                 
-2.220446049250313e-16 -0.0                 -2.220446049250313e-16 4.0                 
4.440892098500626e-16 -0.0                 4.440892098500626e-16 4.0                 
1.5543122344752192e-15 -0.0                 1.5543122344752192e-15 4.0                 
1.3322676295501878e-15 -0.0                 1.3322676295501878e-15 4.0                 
-1.3322676295501878e-15 -0.0                 -1.3322676295501878e-15 4.0                 
-1.9984014443252818e-15 -0.0                 -1.9984014443252818e-15 4.0                 
-3.1086244689504383e-15 -0.0                 -3.1086244689504383e-15 4.0                 
-4.6629367034256575e-15 -0.0                 -4.6629367034256575e-15 4.0                 
-3.774758283725532e-15 -0.0                 -3.774758283725532e-15 4.0                 
-3.774758283725532e-15 -0.0                 -3.774758283725532e-15 4.0                 
-5.10702591327572e-15 -0.0                 -5.10702591327572e-15 4.0                 
-5.551115123125783e-15 -0.0                 -5.551115123125783e-15 4.0                 
-7.327471962526033e-15 -0.0                 -7.327471962526033e-15 4.0                 
-7.105427357601002e-15 -0.0                 -7.105427357601002e-15 4.0                 
-7.105427357601002e-15 -0.0                 -7.105427357601002e-15 4.0                 
-7.105427357601002e-15 -0.0                 -7.105427357601002e-15 4.0                 
-7.549516567451064e-15 -0.0                 -7.549516567451064e-15 4.0                 
-1.7763568394002505e-15 -0.0                 -1.7763568394002505e-15 4.0                 
-2.220446049250313e-15 -0.0                 -2.220446049250313e-15 4.0                 
-3.1086244689504383e-15 -0.0                 -3.1086244689504383e-15 4.0                 
-4.440892098500626e-15 -0.0                 -4.440892098500626e-15 4.0                 
-5.10702591327572e-15 -0.0                 -5.10702591327572e-15 4.0                 
-3.9968028886505635e-15 -0.0                 -3.9968028886505635e-15 4.0                 
-5.995204332975845e-15 -0.0                 -5.995204332975845e-15 4.0                 
-5.773159728050814e-15 -0.0                 -5.773159728050814e-15 4.0                 
-5.329070518200751e-15 -0.0                 -5.329070518200751e-15 4.0                 
-5.995204332975845e-15 -0.0                 -5.995204332975845e-15 4.0                 
-5.551115123125783e-15 -0.0                 -5.551115123125783e-15 4.0                 
-5.773159728050814e-15 -0.0                 -5.773159728050814e-15 4.0                 
-3.1086244689504383e-15 -0.0                 -3.1086244689504383e-15 4.0                 
-8.659739592076221e-15 -0.0                 -8.659739592076221e-15 4.0                 
-8.215650382226158e-15 -0.0                 -8.215650382226158e-15 4.0                 
-6.8833827526759706e-15 -0.0                 -6.8833827526759706e-15 4.0                 
-9.769962616701378e-15 -0.0                 -9.769962616701378e-15 4.0                 
-9.325873406851315e-15 -0.0                 -9.325873406851315e-15 4.0                 
-8.881784197001252e-15 -0.0                 -8.881784197001252e-15 4.0                 
-6.8833827526759706e-15 -0.0                 -6.8833827526759706e-15 4.0                 
-6.439293542825908e-15 -0.0                 -6.439293542825908e-15 4.0                 
-6.217248937900877e-15 -0.0                 -6.217248937900877e-15 4.0                 
-8.881784197001252e-15 -0.0                 -8.881784197001252e-15 4.0                 
-1.0658141036401503e-14 -0.0                 -1.0658141036401503e-14 4.0                 
-1.0880185641326534e-14 -0.0                 -1.0880185641326534e-14 4.0                 
-1.1324274851176597e-14 -0.0                 -1.1324274851176597e-14 4.0                 
-1.3322676295501878e-14 -0.0                 -1.3322676295501878e-14 4.0                 
-1.3988810110276972e-14 -0.0                 -1.3988810110276972e-14 4.0                 
-1.199040866595169e-14 -0.0                 -1.199040866595169e-14 4.0                 
-1.2878587085651816e-14 -0.0                 -1.2878587085651816e-14 4.0                 
-1.4654943925052066e-14 -0.0                 -1.4654943925052066e-14 4.0                 
-1.6653345369377348e-14 -0.0                 -1.6653345369377348e-14 4.0                 
-2.0650148258027912e-14 -0.0                 -2.0650148258027912e-14 4.0                 
-1.9539925233402755e-14 -5.0                 -5.0000000000000195  4.0                 
-1.9095836023552692e-14 -0.0                 -1.9095836023552692e-14 4.0                 
-1.7763568394002505e-14 -0.0                 -1.7763568394002505e-14 4.0                 
-1.7985612998927536e-14 -0.0                 -1.7985612998927536e-14 4.0                 
-1.709743457922741e-14 -0.0                 -1.709743457922741e-14 4.0                 
-1.6209256159527285e-14 -0.0                 -1.6209256159527285e-14 4.0                 
-1.6653345369377348e-14 -0.0                 -1.6653345369377348e-14 4.0                 
-1.9984014443252818e-14 -0.0                 -1.9984014443252818e-14 4.0                 
-1.9761969838327786e-14 -0.0                 -1.9761969838327786e-14 4.0                 
-1.84297022087776e-14 -0.0                 -1.84297022087776e-14 4.0                 
-1.887379141862766e-14 -0.0                 -1.887379141862766e-14 4.0                 
-1.887379141862766e-14 -0.0                 -1.887379141862766e-14 4.0                 
-1.8207657603852567e-14 -0.0                 -1.8207657603852567e-14 4.0                 
-1.84297022087776e-14 -0.0                 -1.84297022087776e-14 4.0                 
-1.7763568394002505e-14 -0.0                 -1.7763568394002505e-14 4.0                 
-1.687538997430238e-14 -0.0                 -1.687538997430238e-14 4.0                 
-1.509903313490213e-14 -0.0                 -1.509903313490213e-14 4.0                 
-1.554312234475219e-14 -0.0                 -1.554312234475219e-14 4.0                 
-1.532107773982716e-14 -0.0                 -1.532107773982716e-14 4.0                 
-1.3766765505351941e-14 -0.0                 -1.3766765505351941e-14 4.0                 
-1.4876988529977098e-14 -0.0                 -1.4876988529977098e-14 4.0                 
-1.6653345369377348e-14 -0.0                 -1.6653345369377348e-14 4.0                 
-1.687538997430238e-14 -0.0                 -1.687538997430238e-14 4.0                 
-1.709743457922741e-14 -0.0                 -1.709743457922741e-14 4.0                 
-1.5765166949677223e-14 -0.0                 -1.5765166949677223e-14 4.0                 
-1.5765166949677223e-14 -0.0                 -1.5765166949677223e-14 4.0                 
-1.6653345369377348e-14 -0.0                 -1.6653345369377348e-14 4.0                 
-1.6653345369377348e-14 -0.0                 -1.6653345369377348e-14 4.0                 
-1.7985612998927536e-14 -0.0                 -1.7985612998927536e-14 4.0                 
-1.8207657603852567e-14 -0.0                 -1.8207657603852567e-14 4.0                 
-1.7319479184152442e-14 -0.0                 -1.7319479184152442e-14 4.0                 
-1.7763568394002505e-14 -0.0                 -1.7763568394002505e-14 4.0                 
-1.84297022087776e-14 -0.0                 -1.84297022087776e-14 4.0                 
-1.8207657603852567e-14 -0.0                 -1.8207657603852567e-14 4.0                 
-1.532107773982716e-14 -0.0                 -1.532107773982716e-14 4.0                 
-1.4654943925052066e-14 -0.0                 -1.4654943925052066e-14 4.0                 
-1.4210854715202004e-14 -0.0                 -1.4210854715202004e-14 4.0                 
-1.687538997430238e-14 -0.0                 -1.687538997430238e-14 4.0                 
-1.6431300764452317e-14 -0.0                 -1.6431300764452317e-14 4.0                 
-1.4876988529977098e-14 -0.0                 -1.4876988529977098e-14 4.0                 
-1.5987211554602254e-14 -0.0                 -1.5987211554602254e-14 4.0                 
-1.554312234475219e-14 -0.0                 -1.554312234475219e-14 4.0                 
-1.5987211554602254e-14 -0.0                 -1.5987211554602254e-14 4.0                 
-1.509903313490213e-14 -0.0                 -1.509903313490213e-14 4.0                 
-1.4432899320127035e-14 -0.0                 -1.4432899320127035e-14 4.0                 
-1.2878587085651816e-14 -0.0                 -1.2878587085651816e-14 4.0                 
-1.021405182655144e-14 -0.0                 -1.021405182655144e-14 4.0                 
-1.199040866595169e-14 -0.0                 -1.199040866595169e-14 4.0                 
-1.199040866595169e-14 -0.0                 -1.199040866595169e-14 4.0                 
-1.1546319456101628e-14 -0.0                 -1.1546319456101628e-14 4.0                 
-1.5987211554602254e-14 -0.0                 -1.5987211554602254e-14 4.0                 
-1.687538997430238e-14 -0.0                 -1.687538997430238e-14 4.0                 
-1.7541523789077473e-14 -0.0                 -1.7541523789077473e-14 4.0                 
-2.1538326677728037e-14 -0.0                 -2.1538326677728037e-14 4.0                 
-2.2870594307278225e-14 -0.0                 -2.2870594307278225e-14 4.0                 
-2.531308496145357e-14 -0.0                 -2.531308496145357e-14 4.0                 
-2.6645352591003757e-14 -0.0                 -2.6645352591003757e-14 4.0                 
-2.6423307986078726e-14 -0.0                 -2.6423307986078726e-14 4.0                 
-2.6423307986078726e-14 -0.0                 -2.6423307986078726e-14 4.0                 
-2.708944180085382e-14 -0.0                 -2.708944180085382e-14 4.0                 
-2.7977620220553945e-14 -0.0                 -2.7977620220553945e-14 4.0                 
-2.842170943040401e-14 -0.0                 -2.842170943040401e-14 4.0                 
-2.6867397195928788e-14 -0.0                 -2.6867397195928788e-14 4.0                 
-2.6867397195928788e-14 -0.0                 -2.6867397195928788e-14 4.0                 
-2.6867397195928788e-14 -0.0                 -2.6867397195928788e-14 4.0                 
-2.731148640577885e-14 -0.0                 -2.731148640577885e-14 4.0                 
-2.7977620220553945e-14 -0.0                 -2.7977620220553945e-14 4.0                 
-2.731148640577885e-14 -0.0                 -2.731148640577885e-14 4.0                 
-2.731148640577885e-14 -0.0                 -2.731148640577885e-14 4.0                 
-2.7755575615628914e-14 -0.0                 -2.7755575615628914e-14 4.0                 
-2.398081733190338e-14 -0.0                 -2.398081733190338e-14 4.0                 
-2.7533531010703882e-14 -0.0                 -2.7533531010703882e-14 4.0                 
-3.019806626980426e-14 -0.0                 -3.019806626980426e-14 4.0                 
-2.9976021664879227e-14 -0.0                 -2.9976021664879227e-14 4.0                 
-3.175237850427948e-14 -0.0                 -3.175237850427948e-14 4.0                 
-3.219646771412954e-14 -0.0                 -3.219646771412954e-14 4.0                 
-3.219646771412954e-14 -0.0                 -3.219646771412954e-14 4.0                 
-2.6423307986078726e-14 -0.0                 -2.6423307986078726e-14 4.0                 
-2.6423307986078726e-14 -0.0                 -2.6423307986078726e-14 4.0                 
-2.5979218776228663e-14 -0.0                 -2.5979218776228663e-14 4.0                 
-2.731148640577885e-14 -0.0                 -2.731148640577885e-14 4.0                 
-2.55351295663786e-14 -0.0                 -2.55351295663786e-14 4.0                 
-2.4646951146678475e-14 -0.0                 -2.4646951146678475e-14 4.0                 
-2.0650148258027912e-14 -0.0                 -2.0650148258027912e-14 4.0                 
-2.042810365310288e-14 -0.0                 -2.042810365310288e-14 4.0                 
-2.020605904817785e-14 -0.0                 -2.020605904817785e-14 4.0                 
-2.1538326677728037e-14 -0.0                 -2.1538326677728037e-14 4.0                 
-2.1760371282653068e-14 -0.0                 -2.1760371282653068e-14 4.0                 
-1.865174681370263e-14 -0.0                 -1.865174681370263e-14 4.0                 
-1.865174681370263e-14 -0.0                 -1.865174681370263e-14 4.0                 
-1.865174681370263e-14 -0.0                 -1.865174681370263e-14 4.0                 
-1.687538997430238e-14 -0.0                 -1.687538997430238e-14 4.0                 
-1.84297022087776e-14 -0.0                 -1.84297022087776e-14 4.0                 
-2.3092638912203256e-14 -0.0                 -2.3092638912203256e-14 4.0                 
-2.2426505097428162e-14 -0.0                 -2.2426505097428162e-14 4.0                 
-2.1316282072803006e-14 -0.0                 -2.1316282072803006e-14 4.0                 
-2.2648549702353193e-14 -0.0                 -2.2648549702353193e-14 4.0                 
-2.1760371282653068e-14 -0.0                 -2.1760371282653068e-14 4.0                 
-2.220446049250313e-14 -0.0                 -2.220446049250313e-14 4.0                 
-1.865174681370263e-14 -0.0                 -1.865174681370263e-14 4.0                 
-1.509903313490213e-14 -0.0                 -1.509903313490213e-14 4.0                 
-1.4432899320127035e-14 -0.0                 -1.4432899320127035e-14 4.0                 
-1.4210854715202004e-14 -0.0                 -1.4210854715202004e-14 4.0                 
-1.4876988529977098e-14 -0.0                 -1.4876988529977098e-14 4.0                 
-1.509903313490213e-14 -0.0                 -1.509903313490213e-14 4.0                 
-1.176836406102666e-14 -0.0                 -1.176836406102666e-14 4.0                 
-1.2434497875801753e-14 -0.0                 -1.2434497875801753e-14 4.0                 
-1.3100631690576847e-14 -0.0                 -1.3100631690576847e-14 4.0                 
-1.0880185641326534e-14 -0.0                 -1.0880185641326534e-14 4.0                 
-3.1086244689504383e-15 -5.0                 -5.0000000000000036  4.0                 
-6.661338147750939e-15 -0.0                 -6.661338147750939e-15 4.0                 
-8.881784197001252e-15 -0.0                 -8.881784197001252e-15 4.0                 
-8.659739592076221e-15 -0.0                 -8.659739592076221e-15 4.0                 
-5.329070518200751e-15 -0.0                 -5.329070518200751e-15 4.0                 
-2.886579864025407e-15 -0.0                 -2.886579864025407e-15 4.0                 
-2.220446049250313e-15 -0.0                 -2.220446049250313e-15 4.0                 
-2.220446049250313e-15 -0.0                 -2.220446049250313e-15 4.0                 
-5.773159728050814e-15 -0.0                 -5.773159728050814e-15 4.0                 
-5.10702591327572e-15 -0.0                 -5.10702591327572e-15 4.0                 
-4.6629367034256575e-15 -0.0                 -4.6629367034256575e-15 4.0                 
-7.549516567451064e-15 -0.0                 -7.549516567451064e-15 4.0                 
-1.021405182655144e-14 -0.0                 -1.021405182655144e-14 4.0                 
-1.199040866595169e-14 -0.0                 -1.199040866595169e-14 4.0                 
-9.103828801926284e-15 -0.0                 -9.103828801926284e-15 4.0                 
-8.881784197001252e-15 -0.0                 -8.881784197001252e-15 4.0                 
-9.325873406851315e-15 -0.0                 -9.325873406851315e-15 4.0                 
-1.021405182655144e-14 -0.0                 -1.021405182655144e-14 4.0                 
-7.771561172376096e-15 -0.0                 -7.771561172376096e-15 4.0                 
-7.771561172376096e-15 -0.0                 -7.771561172376096e-15 4.0                 
-8.881784197001252e-15 -5.0                 -5.000000000000009   4.0                 
-9.992007221626409e-15 -5.0                 -5.00000000000001    4.0                 
-1.0880185641326534e-14 -0.0                 -1.0880185641326534e-14 4.0                 
-1.0436096431476471e-14 -0.0                 -1.0436096431476471e-14 4.0                 
-9.547918011776346e-15 -0.0                 -9.547918011776346e-15 4.0                 
-8.881784197001252e-15 -0.0                 -8.881784197001252e-15 4.0                 
-8.43769498715119e-15 -0.0                 -8.43769498715119e-15 4.0                 
-7.993605777301127e-15 -0.0                 -7.993605777301127e-15 4.0                 
-9.325873406851315e-15 -0.0                 -9.325873406851315e-15 4.0                 
-9.769962616701378e-15 -0.0                 -9.769962616701378e-15 4.0                 
-1.0658141036401503e-14 -0.0                 -1.0658141036401503e-14 4.0                 
-1.0658141036401503e-14 -0.0                 -1.0658141036401503e-14 4.0                 
-1.1102230246251565e-14 -0.0                 -1.1102230246251565e-14 4.0                 
-1.176836406102666e-14 -0.0                 -1.176836406102666e-14 4.0                 
-1.2212453270876722e-14 -0.0                 -1.2212453270876722e-14 4.0                 
-1.3766765505351941e-14 -0.0                 -1.3766765505351941e-14 4.0                 
-1.3988810110276972e-14 -0.0                 -1.3988810110276972e-14 4.0                 
-1.3988810110276972e-14 -0.0                 -1.3988810110276972e-14 4.0                 
-1.7541523789077473e-14 -0.0                 -1.7541523789077473e-14 4.0                 
-1.865174681370263e-14 -0.0                 -1.865174681370263e-14 4.0                 
-1.84297022087776e-14 -0.0                 -1.84297022087776e-14 4.0                 
-1.687538997430238e-14 -0.0                 -1.687538997430238e-14 4.0                 
-1.5765166949677223e-14 -0.0                 -1.5765166949677223e-14 4.0                 
-1.4654943925052066e-14 -0.0                 -1.4654943925052066e-14 4.0                 
-1.1102230246251565e-14 -0.0                 -1.1102230246251565e-14 4.0                 
-1.2212453270876722e-14 -0.0                 -1.2212453270876722e-14 4.0                 
-1.3100631690576847e-14 -0.0                 -1.3100631690576847e-14 4.0                 
-1.2434497875801753e-14 -0.0                 -1.2434497875801753e-14 4.0                 
-1.2878587085651816e-14 -0.0                 -1.2878587085651816e-14 4.0                 
-1.554312234475219e-14 -0.0                 -1.554312234475219e-14 4.0                 
-1.4432899320127035e-14 -0.0                 -1.4432899320127035e-14 4.0                 
-1.4210854715202004e-14 -0.0                 -1.4210854715202004e-14 4.0                 
-1.2212453270876722e-14 -0.0                 -1.2212453270876722e-14 4.0                 
-1.2656542480726785e-14 -0.0                 -1.2656542480726785e-14 4.0                 
-1.3766765505351941e-14 -0.0                 -1.3766765505351941e-14 4.0                 
-1.6431300764452317e-14 -0.0                 -1.6431300764452317e-14 4.0                 
-1.6431300764452317e-14 -0.0                 -1.6431300764452317e-14 4.0                 
-1.4210854715202004e-14 -0.0                 -1.4210854715202004e-14 4.0                 
-1.509903313490213e-14 -0.0                 -1.509903313490213e-14 4.0                 
-1.84297022087776e-14 -0.0                 -1.84297022087776e-14 4.0                 
-1.6653345369377348e-14 -0.0                 -1.6653345369377348e-14 4.0                 
-1.687538997430238e-14 -0.0                 -1.687538997430238e-14 4.0                 
-1.5765166949677223e-14 -0.0                 -1.5765166949677223e-14 4.0                 
-2.19824158875781e-14 -0.0                 -2.19824158875781e-14 4.0                 
-1.4432899320127035e-14 -0.0                 -1.4432899320127035e-14 4.0                 
-1.3322676295501878e-14 -0.0                 -1.3322676295501878e-14 4.0                 
-1.3100631690576847e-14 -0.0                 -1.3100631690576847e-14 4.0                 
-1.3988810110276972e-14 -0.0                 -1.3988810110276972e-14 4.0                 
-1.4876988529977098e-14 -0.0                 -1.4876988529977098e-14 4.0                 
-2.0650148258027912e-14 -0.0                 -2.0650148258027912e-14 4.0                 
-1.9761969838327786e-14 -0.0                 -1.9761969838327786e-14 4.0                 
-1.9761969838327786e-14 -0.0                 -1.9761969838327786e-14 4.0                 
-1.687538997430238e-14 -0.0                 -1.687538997430238e-14 4.0                 
-1.4876988529977098e-14 -0.0                 -1.4876988529977098e-14 4.0                 
-1.1324274851176597e-14 -0.0                 -1.1324274851176597e-14 4.0                 
-1.2434497875801753e-14 -0.0                 -1.2434497875801753e-14 4.0                 
-1.3322676295501878e-14 -0.0                 -1.3322676295501878e-14 4.0                 
-1.2656542480726785e-14 -0.0                 -1.2656542480726785e-14 4.0                 
-1.3100631690576847e-14 -5.0                 -5.000000000000013   4.0                 
-1.176836406102666e-14 -0.0                 -1.176836406102666e-14 4.0                 
-7.771561172376096e-15 -0.0                 -7.771561172376096e-15 4.0                 
-7.549516567451064e-15 -0.0                 -7.549516567451064e-15 4.0                 
-4.884981308350689e-15 -0.0                 -4.884981308350689e-15 4.0                 
-3.3306690738754696e-15 -0.0                 -3.3306690738754696e-15 4.0                 
-4.6629367034256575e-15 -0.0                 -4.6629367034256575e-15 4.0                 
-2.4424906541753444e-15 -0.0                 -2.4424906541753444e-15 4.0                 
-2.4424906541753444e-15 -0.0                 -2.4424906541753444e-15 4.0                 
-1.5543122344752192e-15 -0.0                 -1.5543122344752192e-15 4.0                 
-1.9984014443252818e-15 -0.0                 -1.9984014443252818e-15 4.0                 
-1.7763568394002505e-15 -0.0                 -1.7763568394002505e-15 4.0                 
-3.1086244689504383e-15 -0.0                 -3.1086244689504383e-15 4.0                 
-4.440892098500626e-16 -0.0                 -4.440892098500626e-16 4.0                 
-6.661338147750939e-16 -0.0                 -6.661338147750939e-16 4.0                 
5.995204332975845e-15 -0.0                 5.995204332975845e-15 4.0                 
1.2434497875801753e-14 -0.0                 1.2434497875801753e-14 4.0                 
1.4210854715202004e-14 -0.0                 1.4210854715202004e-14 4.0                 
1.4210854715202004e-14 -0.0                 1.4210854715202004e-14 4.0                 
1.6209256159527285e-14 -0.0                 1.6209256159527285e-14 4.0                 
1.7985612998927536e-14 -0.0                 1.7985612998927536e-14 4.0                 
1.7985612998927536e-14 -0.0                 1.7985612998927536e-14 4.0                 
1.5765166949677223e-14 -0.0                 1.5765166949677223e-14 4.0                 
1.509903313490213e-14 -0.0                 1.509903313490213e-14 4.0                 
1.5987211554602254e-14 -0.0                 1.5987211554602254e-14 4.0                 
1.7541523789077473e-14 -0.0                 1.7541523789077473e-14 4.0                 
1.84297022087776e-14 -0.0                 1.84297022087776e-14 4.0                 
1.887379141862766e-14 -0.0                 1.887379141862766e-14 4.0                 
1.9761969838327786e-14 -0.0                 1.9761969838327786e-14 4.0                 
2.5091040356528538e-14 -0.0                 2.5091040356528538e-14 4.0                 
2.1760371282653068e-14 -0.0                 2.1760371282653068e-14 4.0                 
2.1316282072803006e-14 -0.0                 2.1316282072803006e-14 4.0                 
2.020605904817785e-14 -0.0                 2.020605904817785e-14 4.0                 
1.7763568394002505e-14 -0.0                 1.7763568394002505e-14 4.0                 
2.020605904817785e-14 -0.0                 2.020605904817785e-14 4.0                 
2.0650148258027912e-14 -0.0                 2.0650148258027912e-14 4.0                 
2.1760371282653068e-14 -0.0                 2.1760371282653068e-14 4.0                 
2.3092638912203256e-14 -0.0                 2.3092638912203256e-14 4.0                 
2.4646951146678475e-14 -0.0                 2.4646951146678475e-14 4.0                 
2.375877272697835e-14 -0.0                 2.375877272697835e-14 4.0                 
2.353672812205332e-14 -0.0                 2.353672812205332e-14 4.0                 
2.2870594307278225e-14 -0.0                 2.2870594307278225e-14 4.0                 
2.042810365310288e-14 -0.0                 2.042810365310288e-14 4.0                 
2.1316282072803006e-14 -0.0                 2.1316282072803006e-14 4.0                 
2.4646951146678475e-14 -0.0                 2.4646951146678475e-14 4.0                 
2.353672812205332e-14 -0.0                 2.353672812205332e-14 4.0                 
2.353672812205332e-14 -0.0                 2.353672812205332e-14 4.0                 
2.375877272697835e-14 -0.0                 2.375877272697835e-14 4.0                 
2.2426505097428162e-14 -0.0                 2.2426505097428162e-14 4.0                 
2.398081733190338e-14 -0.0                 2.398081733190338e-14 4.0                 
2.1538326677728037e-14 -0.0                 2.1538326677728037e-14 4.0                 
2.020605904817785e-14 -0.0                 2.020605904817785e-14 4.0                 
1.887379141862766e-14 -0.0                 1.887379141862766e-14 4.0                 
1.687538997430238e-14 -0.0                 1.687538997430238e-14 4.0                 
1.7763568394002505e-14 -0.0                 1.7763568394002505e-14 4.0                 
1.6209256159527285e-14 -0.0                 1.6209256159527285e-14 4.0                 
1.687538997430238e-14 -0.0                 1.687538997430238e-14 4.0                 
1.6653345369377348e-14 -0.0                 1.6653345369377348e-14 4.0                 
1.8207657603852567e-14 -0.0                 1.8207657603852567e-14 4.0                 
1.7541523789077473e-14 -0.0                 1.7541523789077473e-14 4.0                 
2.1094237467877974e-14 -0.0                 2.1094237467877974e-14 4.0                 
2.0650148258027912e-14 -0.0                 2.0650148258027912e-14 4.0                 
1.8207657603852567e-14 -0.0                 1.8207657603852567e-14 4.0                 
1.84297022087776e-14 -0.0                 1.84297022087776e-14 4.0                 
1.6431300764452317e-14 -0.0                 1.6431300764452317e-14 4.0                 
1.7763568394002505e-14 -0.0                 1.7763568394002505e-14 4.0                 
1.7763568394002505e-14 -0.0                 1.7763568394002505e-14 4.0                 
1.4210854715202004e-14 -0.0                 1.4210854715202004e-14 4.0                 
1.1102230246251565e-14 -0.0                 1.1102230246251565e-14 4.0                 
1.021405182655144e-14 -0.0                 1.021405182655144e-14 4.0                 
7.549516567451064e-15 -0.0                 7.549516567451064e-15 4.0                 
7.327471962526033e-15 -0.0                 7.327471962526033e-15 4.0                 
7.993605777301127e-15 -0.0                 7.993605777301127e-15 4.0                 
5.995204332975845e-15 -0.0                 5.995204332975845e-15 4.0                 
7.327471962526033e-15 -0.0                 7.327471962526033e-15 4.0                 
7.549516567451064e-15 -0.0                 7.549516567451064e-15 4.0                 
7.549516567451064e-15 -0.0                 7.549516567451064e-15 4.0                 
7.105427357601002e-15 -0.0                 7.105427357601002e-15 4.0                 
3.3306690738754696e-15 -0.0                 3.3306690738754696e-15 4.0                 
4.884981308350689e-15 -0.0                 4.884981308350689e-15 4.0                 
7.993605777301127e-15 -0.0                 7.993605777301127e-15 4.0                 
7.993605777301127e-15 -0.0                 7.993605777301127e-15 4.0                 
7.993605777301127e-15 -0.0                 7.993605777301127e-15 4.0                 
7.549516567451064e-15 -0.0                 7.549516567451064e-15 4.0                 
5.995204332975845e-15 -0.0                 5.995204332975845e-15 4.0                 
6.217248937900877e-15 -0.0                 6.217248937900877e-15 4.0                 
8.659739592076221e-15 -0.0                 8.659739592076221e-15 4.0                 
8.43769498715119e-15 -0.0                 8.43769498715119e-15 4.0                 
4.218847493575595e-15 -0.0                 4.218847493575595e-15 4.0                 
4.6629367034256575e-15 -0.0                 4.6629367034256575e-15 4.0                 
3.9968028886505635e-15 -0.0                 3.9968028886505635e-15 4.0                 
4.218847493575595e-15 -0.0                 4.218847493575595e-15 4.0                 
3.774758283725532e-15 -0.0                 3.774758283725532e-15 4.0                 
4.6629367034256575e-15 -0.0                 4.6629367034256575e-15 4.0                 
5.551115123125783e-15 -0.0                 5.551115123125783e-15 4.0                 
5.773159728050814e-15 -0.0                 5.773159728050814e-15 4.0                 
7.105427357601002e-15 -0.0                 7.105427357601002e-15 4.0                 
7.993605777301127e-15 -0.0                 7.993605777301127e-15 4.0                 
7.327471962526033e-15 -0.0                 7.327471962526033e-15 4.0                 
6.661338147750939e-15 -0.0                 6.661338147750939e-15 4.0                 
5.10702591327572e-15 -0.0                 5.10702591327572e-15 4.0                 
5.10702591327572e-15 -0.0                 5.10702591327572e-15 4.0                 
3.9968028886505635e-15 -0.0                 3.9968028886505635e-15 4.0                 
3.552713678800501e-15 -0.0                 3.552713678800501e-15 4.0                 
2.886579864025407e-15 -0.0                 2.886579864025407e-15 4.0                 
3.3306690738754696e-15 -0.0                 3.3306690738754696e-15 4.0                 
3.3306690738754696e-15 -0.0                 3.3306690738754696e-15 4.0                 
1.7763568394002505e-15 -0.0                 1.7763568394002505e-15 4.0                 
2.220446049250313e-15 -0.0                 2.220446049250313e-15 4.0                 
1.3322676295501878e-15 -0.0                 1.3322676295501878e-15 4.0                 
-4.440892098500626e-16 -0.0                 -4.440892098500626e-16 4.0                 
-8.881784197001252e-16 -0.0                 -8.881784197001252e-16 4.0                 
-6.661338147750939e-16 -0.0                 -6.661338147750939e-16 4.0                 
-4.440892098500626e-16 -0.0                 -4.440892098500626e-16 4.0                 
-2.220446049250313e-15 -0.0                 -2.220446049250313e-15 4.0                 
-2.220446049250313e-15 -0.0                 -2.220446049250313e-15 4.0                 
-2.4424906541753444e-15 -0.0                 -2.4424906541753444e-15 4.0                 
-2.220446049250313e-15 -0.0                 -2.220446049250313e-15 4.0                 
-1.5543122344752192e-15 -0.0                 -1.5543122344752192e-15 4.0                 
4.440892098500626e-16 -0.0                 4.440892098500626e-16 4.0                 
-1.5543122344752192e-15 -0.0                 -1.5543122344752192e-15 4.0                 
-4.884981308350689e-15 -0.0                 -4.884981308350689e-15 4.0                 
-4.218847493575595e-15 -5.0                 -5.000000000000004   4.0                 
-4.884981308350689e-15 -0.0                 -4.884981308350689e-15 4.0                 
-3.9968028886505635e-15 -0.0                 -3.9968028886505635e-15 4.0                 
-2.6645352591003757e-15 -0.0                 -2.6645352591003757e-15 4.0                 
-4.6629367034256575e-15 -0.0                 -4.6629367034256575e-15 4.0                 
-7.993605777301127e-15 -0.0                 -7.993605777301127e-15 4.0                 
-6.8833827526759706e-15 -0.0                 -6.8833827526759706e-15 4.0                 
-6.661338147750939e-15 -0.0                 -6.661338147750939e-15 4.0                 
-7.549516567451064e-15 -0.0                 -7.549516567451064e-15 4.0                 
-8.659739592076221e-15 -0.0                 -8.659739592076221e-15 4.0                 
-5.995204332975845e-15 -0.0                 -5.995204332975845e-15 4.0                 
-6.661338147750939e-15 -0.0                 -6.661338147750939e-15 4.0                 
-5.773159728050814e-15 -0.0                 -5.773159728050814e-15 4.0                 
-9.325873406851315e-15 -0.0                 -9.325873406851315e-15 4.0                 
-7.549516567451064e-15 -0.0                 -7.549516567451064e-15 4.0                 
-7.549516567451064e-15 -0.0                 -7.549516567451064e-15 4.0                 
-5.773159728050814e-15 -5.0                 -5.000000000000005   4.0                 
-5.773159728050814e-15 -0.0                 -5.773159728050814e-15 4.0                 
6.661338147750939e-16 -0.0                 6.661338147750939e-16 4.0                 
1.3322676295501878e-15 -0.0                 1.3322676295501878e-15 4.0                 
1.5543122344752192e-15 -0.0                 1.5543122344752192e-15 4.0                 
-4.440892098500626e-16 -0.0                 -4.440892098500626e-16 4.0                 
1.5543122344752192e-15 -0.0                 1.5543122344752192e-15 4.0                 
-2.220446049250313e-16 -0.0                 -2.220446049250313e-16 4.0                 
1.9984014443252818e-15 -0.0                 1.9984014443252818e-15 4.0                 
2.220446049250313e-15 -0.0                 2.220446049250313e-15 4.0                 
3.774758283725532e-15 -0.0                 3.774758283725532e-15 4.0                 
1.5543122344752192e-15 -0.0                 1.5543122344752192e-15 4.0                 
1.5543122344752192e-15 -0.0                 1.5543122344752192e-15 4.0                 
1.9984014443252818e-15 -0.0                 1.9984014443252818e-15 4.0                 
2.4424906541753444e-15 -0.0                 2.4424906541753444e-15 4.0                 
3.3306690738754696e-15 -0.0                 3.3306690738754696e-15 4.0                 
5.773159728050814e-15 -0.0                 5.773159728050814e-15 4.0                 
5.329070518200751e-15 -0.0                 5.329070518200751e-15 4.0                 
