# L=4,N=4,U=100.0000,mu=0.0000,t=1.0000,eta=0.2043,beta=2.0000,M=2000000
# H_0/t              H_1/t                E/t                  N             
0.0                  -0.0                 0.0                  4.0                 
0.0                  -0.0                 0.0                  4.0                 
0.0                  -0.0                 0.0                  4.0                 
0.0                  -0.0                 0.0                  4.0                 
0.0                  -5.0                 -5.0                 4.0                 
0.0                  -5.0                 -5.0                 4.0                 
0.0                  -0.0                 0.0                  4.0                 
0.0                  -0.0                 0.0                  4.0                 
0.0                  -0.0                 0.0                  4.0                 
0.0                  -0.0                 0.0                  4.0                 
0.0                  -0.0                 0.0                  4.0                 
0.0                  -0.0                 0.0                  4.0                 
0.0                  -0.0                 0.0                  4.0                 
0.0                  -0.0                 0.0                  4.0                 
0.0                  -0.0                 0.0                  4.0                 
0.0                  -0.0                 0.0                  4.0                 
0.0                  -0.0                 0.0                  4.0                 
0.0                  -0.0                 0.0                  4.0                 
0.0                  -0.0                 0.0                  4.0                 
0.0                  -0.0                 0.0                  4.0                 
0.0                  -0.0                 0.0                  4.0                 
0.0                  -0.0                 0.0                  4.0                 
0.0                  -0.0                 0.0                  4.0                 
0.0                  -0.0                 0.0                  4.0                 
0.0                  -0.0                 0.0                  4.0                 
0.0                  -0.0                 0.0                  4.0                 
0.0                  -0.0                 0.0                  4.0                 
0.0                  -0.0                 0.0                  4.0                 
0.0                  -0.0                 0.0                  4.0                 
0.0                  -0.0                 0.0                  4.0                 
0.0                  -0.0                 0.0                  4.0                 
0.0                  -0.0                 0.0                  4.0                 
0.0                  -0.0                 0.0                  4.0                 
0.0                  -0.0                 0.0                  4.0                 
0.0                  -0.0                 0.0                  4.0                 
0.0                  -0.0                 0.0                  4.0                 
0.0                  -0.0                 0.0                  4.0                 
0.0                  -0.0                 0.0                  4.0                 
0.0                  -0.0                 0.0                  4.0                 
0.0                  -0.0                 0.0                  4.0                 
0.0                  -0.0                 0.0                  4.0                 
0.0                  -0.0                 0.0                  4.0                 
0.0                  -0.0                 0.0                  4.0                 
0.0                  -0.0                 0.0                  4.0                 
0.0                  -5.0                 -5.0                 4.0                 
0.0                  -5.0                 -5.0                 4.0                 
0.0                  -0.0                 0.0                  4.0                 
0.0                  -0.0                 0.0                  4.0                 
0.0                  -0.0                 0.0                  4.0                 
0.0                  -0.0                 0.0                  4.0                 
0.0                  -0.0                 0.0                  4.0                 
0.0                  -0.0                 0.0                  4.0                 
0.0                  -0.0                 0.0                  4.0                 
0.0                  -0.0                 0.0                  4.0                 
0.0                  -0.0                 0.0                  4.0                 
0.0                  -0.0                 0.0                  4.0                 
0.0                  -0.0                 0.0                  4.0                 
0.0                  -0.0                 0.0                  4.0                 
0.0                  -0.0                 0.0                  4.0                 
0.0                  -0.0                 0.0                  4.0                 
0.0                  -0.0                 0.0                  4.0                 
0.0                  -0.0                 0.0                  4.0                 
0.0                  -0.0                 0.0                  4.0                 
0.0                  -0.0                 0.0                  4.0                 
0.0                  -0.0                 0.0                  4.0                 
0.0                  -0.0                 0.0                  4.0                 
0.0                  -0.0                 0.0                  4.0                 
0.0                  -0.0                 0.0                  4.0                 
0.0                  -0.0                 0.0                  4.0                 
0.0                  -0.0                 0.0                  4.0                 
0.0                  -0.0                 0.0                  4.0                 
0.0                  -0.0                 0.0                  4.0                 
0.0                  -0.0                 0.0                  4.0                 
0.0                  -0.0                 0.0                  4.0                 
0.0                  -0.0                 0.0                  4.0                 
0.0                  -0.0                 0.0                  4.0                 
0.0                  -0.0                 0.0                  4.0                 
0.0                  -0.0                 0.0                  4.0                 
0.0                  -0.0                 0.0                  4.0                 
0.0                  -0.0                 0.0                  4.0                 
0.0                  -0.0                 0.0                  4.0                 
0.0                  -0.0                 0.0                  4.0                 
0.0                  -0.0                 0.0                  4.0                 
0.0                  -0.0                 0.0                  4.0                 
0.0                  -0.0                 0.0                  4.0                 
0.0                  -0.0                 0.0                  4.0                 
0.0                  -0.0                 0.0                  4.0                 
0.0                  -0.0                 0.0                  4.0                 
0.0                  -5.0                 -5.0                 4.0                 
0.0                  -5.0                 -5.0                 4.0                 
0.0                  -5.0                 -5.0                 4.0                 
0.0                  -5.0                 -5.0                 4.0                 
0.0                  -0.0                 0.0                  4.0                 
0.0                  -0.0                 0.0                  4.0                 
0.0                  -0.0                 0.0                  4.0                 
0.0                  -0.0                 0.0                  4.0                 
0.0                  -0.0                 0.0                  4.0                 
0.0                  -0.0                 0.0                  4.0                 
0.0                  -0.0                 0.0                  4.0                 
0.0                  -0.0                 0.0                  4.0                 
0.0                  -0.0                 0.0                  4.0                 
0.0                  -0.0                 0.0                  4.0                 
0.0                  -0.0                 0.0                  4.0                 
0.0                  -0.0                 0.0                  4.0                 
0.0                  -0.0                 0.0                  4.0                 
0.0                  -0.0                 0.0                  4.0                 
0.0                  -0.0                 0.0                  4.0                 
0.0                  -0.0                 0.0                  4.0                 
0.0                  -0.0                 0.0                  4.0                 
0.0                  -0.0                 0.0                  4.0                 
0.0                  -0.0                 0.0                  4.0                 
0.0                  -0.0                 0.0                  4.0                 
0.0                  -0.0                 0.0                  4.0                 
0.0                  -0.0                 0.0                  4.0                 
0.0                  -0.0                 0.0                  4.0                 
0.0                  -0.0                 0.0                  4.0                 
0.0                  -0.0                 0.0                  4.0                 
0.0                  -0.0                 0.0                  4.0                 
0.0                  -0.0                 0.0                  4.0                 
0.0                  -0.0                 0.0                  4.0                 
0.0                  -0.0                 0.0                  4.0                 
0.0                  -0.0                 0.0                  4.0                 
0.0                  -0.0                 0.0                  4.0                 
0.0                  -0.0                 0.0                  4.0                 
0.0                  -0.0                 0.0                  4.0                 
0.0                  -0.0                 0.0                  4.0                 
0.0                  -0.0                 0.0                  4.0                 
0.0                  -0.0                 0.0                  4.0                 
0.0                  -0.0                 0.0                  4.0                 
0.0                  -0.0                 0.0                  4.0                 
0.0                  -0.0                 0.0                  4.0                 
0.0                  -0.0                 0.0                  4.0                 
0.0                  -0.0                 0.0                  4.0                 
0.0                  -0.0                 0.0                  4.0                 
0.0                  -0.0                 0.0                  4.0                 
0.0                  -0.0                 0.0                  4.0                 
0.0                  -0.0                 0.0                  4.0                 
0.0                  -0.0                 0.0                  4.0                 
0.0                  -0.0                 0.0                  4.0                 
0.0                  -0.0                 0.0                  4.0                 
0.0                  -0.0                 0.0                  4.0                 
0.0                  -0.0                 0.0                  4.0                 
0.0                  -0.0                 0.0                  4.0                 
0.0                  -0.0                 0.0                  4.0                 
0.0                  -0.0                 0.0                  4.0                 
0.0                  -0.0                 0.0                  4.0                 
0.0                  -0.0                 0.0                  4.0                 
0.0                  -0.0                 0.0                  4.0                 
0.0                  -0.0                 0.0                  4.0                 
0.0                  -0.0                 0.0                  4.0                 
0.0                  -0.0                 0.0                  4.0                 
0.0                  -0.0                 0.0                  4.0                 
0.0                  -0.0                 0.0                  4.0                 
0.0                  -0.0                 0.0                  4.0                 
0.0                  -0.0                 0.0                  4.0                 
0.0                  -0.0                 0.0                  4.0                 
0.0                  -0.0                 0.0                  4.0                 
0.0                  -0.0                 0.0                  4.0                 
0.0                  -0.0                 0.0                  4.0                 
0.0                  -0.0                 0.0                  4.0                 
0.0                  -0.0                 0.0                  4.0                 
0.0                  -0.0                 0.0                  4.0                 
0.0                  -0.0                 0.0                  4.0                 
0.0                  -0.0                 0.0                  4.0                 
0.0                  -0.0                 0.0                  4.0                 
0.0                  -0.0                 0.0                  4.0                 
0.0                  -0.0                 0.0                  4.0                 
0.0                  -0.0                 0.0                  4.0                 
0.0                  -0.0                 0.0                  4.0                 
0.0                  -5.0                 -5.0                 4.0                 
0.0                  -5.0                 -5.0                 4.0                 
0.0                  -0.0                 0.0                  4.0                 
0.0                  -0.0                 0.0                  4.0                 
0.0                  -0.0                 0.0                  4.0                 
0.0                  -0.0                 0.0                  4.0                 
0.0                  -0.0                 0.0                  4.0                 
0.0                  -0.0                 0.0                  4.0                 
0.0                  -0.0                 0.0                  4.0                 
0.0                  -0.0                 0.0                  4.0                 
0.0                  -0.0                 0.0                  4.0                 
0.0                  -0.0                 0.0                  4.0                 
0.0                  -0.0                 0.0                  4.0                 
0.0                  -0.0                 0.0                  4.0                 
0.0                  -0.0                 0.0                  4.0                 
0.0                  -0.0                 0.0                  4.0                 
0.0                  -0.0                 0.0                  4.0                 
0.0                  -0.0                 0.0                  4.0                 
0.0                  -0.0                 0.0                  4.0                 
0.0                  -0.0                 0.0                  4.0                 
0.0                  -0.0                 0.0                  4.0                 
0.0                  -0.0                 0.0                  4.0                 
0.0                  -0.0                 0.0                  4.0                 
0.0                  -0.0                 0.0                  4.0                 
0.0                  -2.5                 -2.5                 4.0                 
0.0                  -0.0                 0.0                  4.0                 
0.0                  -0.0                 0.0                  4.0                 
0.0                  -0.0                 0.0                  4.0                 
0.0                  -0.0                 0.0                  4.0                 
0.0                  -0.0                 0.0                  4.0                 
0.0                  -0.0                 0.0                  4.0                 
0.0                  -0.0                 0.0                  4.0                 
0.0                  -0.0                 0.0                  4.0                 
0.0                  -0.0                 0.0                  4.0                 
0.0                  -0.0                 0.0                  4.0                 
0.0                  -0.0                 0.0                  4.0                 
0.0                  -0.0                 0.0                  4.0                 
0.0                  -0.0                 0.0                  4.0                 
0.0                  -0.0                 0.0                  4.0                 
0.0                  -0.0                 0.0                  4.0                 
0.0                  -0.0                 0.0                  4.0                 
0.0                  -0.0                 0.0                  4.0                 
0.0                  -0.0                 0.0                  4.0                 
0.0                  -0.0                 0.0                  4.0                 
0.0                  -0.0                 0.0                  4.0                 
0.0                  -0.0                 0.0                  4.0                 
0.0                  -0.0                 0.0                  4.0                 
0.0                  -0.0                 0.0                  4.0                 
0.0                  -0.0                 0.0                  4.0                 
0.0                  -0.0                 0.0                  4.0                 
0.0                  -0.0                 0.0                  4.0                 
0.0                  -0.0                 0.0                  4.0                 
0.0                  -0.0                 0.0                  4.0                 
0.0                  -0.0                 0.0                  4.0                 
