# MC_step Egs // BH Parameters: L=4,N=4,U=100.00000000,mu=-0.10000000,eta=1.00000000,MC_steps=100000
600.3999999999999773
300.4000000000000341
600.3999999999999773
600.3999999999999773
600.3999999999999773
600.3999999999999773
300.4000000000000341
600.3999999999999773
100.3999999999999915
200.4000000000000057
600.3999999999999773
300.4000000000000341
300.4000000000000341
300.4000000000000341
600.3999999999999773
600.3999999999999773
600.3999999999999773
300.4000000000000341
200.4000000000000057
600.3999999999999773
300.4000000000000341
300.4000000000000341
600.3999999999999773
200.4000000000000057
600.3999999999999773
600.3999999999999773
300.4000000000000341
600.3999999999999773
300.4000000000000341
600.3999999999999773
600.3999999999999773
300.4000000000000341
600.3999999999999773
600.3999999999999773
600.3999999999999773
600.3999999999999773
600.3999999999999773
600.3999999999999773
300.4000000000000341
300.4000000000000341
200.4000000000000057
300.4000000000000341
600.3999999999999773
200.4000000000000057
600.3999999999999773
300.4000000000000341
600.3999999999999773
600.3999999999999773
600.3999999999999773
600.3999999999999773
300.4000000000000341
600.3999999999999773
600.3999999999999773
600.3999999999999773
600.3999999999999773
200.4000000000000057
100.3999999999999915
600.3999999999999773
600.3999999999999773
600.3999999999999773
200.4000000000000057
600.3999999999999773
600.3999999999999773
200.4000000000000057
200.4000000000000057
600.3999999999999773
300.4000000000000341
600.3999999999999773
600.3999999999999773
600.3999999999999773
600.3999999999999773
600.3999999999999773
600.3999999999999773
100.3999999999999915
600.3999999999999773
600.3999999999999773
600.3999999999999773
600.3999999999999773
600.3999999999999773
