# MC_step Egs // BH Parameters: L=4,N=4,U=1.00000000,mu=-0.10000000,eta=0.50000000,MC_steps=100000
6.4000000000000004
6.4000000000000004
3.3999999999999999
6.4000000000000004
1.3999999999999999
3.3999999999999999
6.4000000000000004
3.3999999999999999
2.3999999999999999
6.4000000000000004
6.4000000000000004
6.4000000000000004
3.3999999999999999
2.3999999999999999
3.3999999999999999
6.4000000000000004
2.3999999999999999
2.3999999999999999
6.4000000000000004
6.4000000000000004
3.3999999999999999
6.4000000000000004
6.4000000000000004
1.4000000000000001
6.4000000000000004
3.3999999999999999
6.4000000000000004
6.4000000000000004
3.3999999999999999
2.3999999999999999
6.4000000000000004
2.3999999999999999
3.3999999999999999
3.3999999999999999
6.4000000000000004
2.3999999999999999
3.3999999999999999
6.4000000000000004
3.3999999999999999
3.3999999999999999
6.4000000000000004
3.3999999999999999
6.4000000000000004
6.4000000000000004
2.3999999999999999
2.3999999999999999
6.4000000000000004
3.3999999999999999
6.4000000000000004
6.4000000000000004
1.4000000000000001
3.3999999999999999
3.3999999999999999
1.3999999999999999
3.3999999999999999
1.3999999999999999
1.4000000000000001
2.3999999999999999
3.3999999999999999
3.3999999999999999
6.4000000000000004
2.3999999999999999
3.3999999999999999
2.3999999999999999
3.3999999999999999
6.4000000000000004
6.4000000000000004
3.3999999999999999
3.3999999999999999
3.3999999999999999
3.3999999999999999
6.4000000000000004
6.4000000000000004
3.3999999999999999
2.3999999999999999
6.4000000000000004
6.4000000000000004
3.3999999999999999
3.3999999999999999
6.4000000000000004
6.4000000000000004
6.4000000000000004
6.4000000000000004
6.4000000000000004
6.4000000000000004
6.4000000000000004
6.4000000000000004
6.4000000000000004
6.4000000000000004
6.4000000000000004
3.3999999999999999
6.4000000000000004
3.3999999999999999
6.4000000000000004
6.4000000000000004
2.3999999999999999
1.3999999999999999
3.3999999999999999
3.3999999999999999
6.4000000000000004
3.3999999999999999
6.4000000000000004
6.4000000000000004
2.3999999999999999
2.3999999999999999
6.4000000000000004
2.3999999999999999
6.4000000000000004
3.3999999999999999
3.3999999999999999
6.4000000000000004
6.4000000000000004
6.4000000000000004
6.4000000000000004
3.3999999999999999
3.3999999999999999
3.3999999999999999
3.3999999999999999
3.3999999999999999
2.3999999999999999
2.3999999999999999
6.4000000000000004
3.3999999999999999
2.3999999999999999
2.3999999999999999
2.3999999999999999
2.3999999999999999
1.3999999999999999
3.3999999999999999
2.3999999999999999
3.3999999999999999
3.3999999999999999
3.3999999999999999
6.4000000000000004
3.3999999999999999
6.4000000000000004
1.3999999999999999
6.4000000000000004
6.4000000000000004
6.4000000000000004
6.4000000000000004
6.4000000000000004
6.4000000000000004
6.4000000000000004
3.3999999999999999
2.3999999999999999
3.3999999999999999
6.4000000000000004
6.4000000000000004
3.3999999999999999
6.4000000000000004
6.4000000000000004
2.3999999999999999
6.4000000000000004
2.3999999999999999
6.4000000000000004
6.4000000000000004
1.4000000000000001
3.3999999999999999
3.3999999999999999
6.4000000000000004
6.4000000000000004
6.4000000000000004
1.4000000000000001
6.4000000000000004
6.4000000000000004
6.4000000000000004
6.4000000000000004
6.4000000000000004
3.3999999999999999
6.4000000000000004
2.3999999999999999
3.3999999999999999
1.4000000000000001
3.3999999999999999
3.3999999999999999
2.3999999999999999
6.4000000000000004
6.4000000000000004
3.3999999999999999
6.4000000000000004
6.4000000000000004
2.3999999999999999
3.3999999999999999
2.3999999999999999
6.4000000000000004
6.4000000000000004
6.4000000000000004
6.4000000000000004
3.3999999999999999
2.3999999999999999
6.4000000000000004
6.4000000000000004
6.4000000000000004
6.4000000000000004
6.4000000000000004
6.4000000000000004
1.3999999999999999
6.4000000000000004
6.4000000000000004
3.3999999999999999
6.4000000000000004
6.4000000000000004
6.4000000000000004
6.4000000000000004
6.4000000000000004
3.3999999999999999
3.3999999999999999
6.4000000000000004
3.3999999999999999
6.4000000000000004
2.3999999999999999
3.3999999999999999
2.3999999999999999
1.4000000000000001
6.4000000000000004
6.4000000000000004
6.4000000000000004
1.3999999999999999
6.4000000000000004
3.3999999999999999
1.4000000000000001
2.3999999999999999
6.4000000000000004
3.3999999999999999
6.4000000000000004
6.4000000000000004
2.3999999999999999
2.3999999999999999
3.3999999999999999
3.3999999999999999
6.4000000000000004
6.4000000000000004
6.4000000000000004
6.4000000000000004
6.4000000000000004
3.3999999999999999
3.3999999999999999
3.3999999999999999
3.3999999999999999
3.3999999999999999
3.3999999999999999
6.4000000000000004
6.4000000000000004
3.3999999999999999
2.3999999999999999
6.4000000000000004
2.3999999999999999
3.3999999999999999
3.3999999999999999
6.4000000000000004
6.4000000000000004
3.3999999999999999
6.4000000000000004
6.4000000000000004
6.4000000000000004
3.3999999999999999
6.4000000000000004
3.3999999999999999
1.3999999999999999
3.3999999999999999
3.3999999999999999
2.3999999999999999
3.3999999999999999
3.3999999999999999
6.4000000000000004
3.3999999999999999
3.3999999999999999
1.4000000000000001
3.3999999999999999
2.3999999999999999
2.3999999999999999
6.4000000000000004
6.4000000000000004
6.4000000000000004
6.4000000000000004
3.3999999999999999
6.4000000000000004
6.4000000000000004
6.4000000000000004
