# MC_step Egs // BH Parameters: L=4,N=4,U=0.00000000,mu=-0.10000000,eta=1.00000000,MC_steps=100000
0.4000000000000000
0.4000000000000000
0.4000000000000000
0.4000000000000000
0.4000000000000000
0.4000000000000000
0.4000000000000000
0.4000000000000000
0.4000000000000000
0.4000000000000000
0.4000000000000000
0.4000000000000000
0.4000000000000000
0.4000000000000000
0.4000000000000000
0.4000000000000000
0.4000000000000000
0.4000000000000000
0.4000000000000000
0.4000000000000000
0.4000000000000000
0.4000000000000000
0.4000000000000000
0.4000000000000000
0.4000000000000000
0.4000000000000000
0.4000000000000000
0.4000000000000000
0.4000000000000000
0.4000000000000000
0.4000000000000000
0.4000000000000000
0.4000000000000000
0.4000000000000000
0.4000000000000000
0.4000000000000000
0.4000000000000000
0.4000000000000000
0.4000000000000000
0.4000000000000000
0.4000000000000000
0.4000000000000000
0.4000000000000000
